1,1,7,7,10,10:18
1,2,2,3,10,10:14
5,5,6,7,8,9:20
3,5,5,7,10,10:20
7,7,7,7,9,9:23
1,3,4,8,8,10:17
5,5,5,7,8,10:20
3,3,4,5,8,9:16
1,4,7,8,8,10:19
1,3,5,7,7,7:15
1,1,3,3,4,8:10
2,4,5,7,10,10:19
3,3,3,3,9,9:15
3,3,4,7,7,10:17
2,4,8,8,9,9:20
3,6,6,7,7,9:19
2,3,5,6,10,10:18
2,3,3,7,7,10:16
3,4,4,4,9,10:17
5,6,7,7,8,9:21
1,2,6,6,7,8:15
1,1,8,8,10,10:19
3,3,3,3,4,4:10
3,5,9,9,10,10:23
1,2,5,7,7,8:15
1,1,3,4,6,7:11
3,3,3,4,6,7:13
2,3,3,5,6,9:14
4,4,6,6,7,7:17
1,4,4,8,8,9:17
5,6,8,8,9,10:23
1,5,5,7,8,10:18
2,6,6,7,7,10:19
2,5,5,5,6,9:16
4,5,7,8,8,10:21
3,4,7,7,7,8:18
3,3,3,3,10,10:16
2,2,5,7,8,10:17
2,5,5,5,7,10:17
6,6,7,7,7,7:20
3,6,6,8,8,9:20
2,2,2,2,6,6:10
2,4,6,8,8,8:18
1,1,2,5,6,9:12
1,4,6,7,8,8:17
2,5,5,6,6,10:17
1,2,4,6,6,7:13
3,4,4,5,9,9:17
1,1,6,6,10,10:17
3,6,6,9,9,9:21
3,4,6,7,7,9:18
1,4,6,9,9,9:19
1,2,2,3,8,10:13
1,1,2,3,3,6:8
1,1,4,4,8,8:13
1,3,6,8,8,8:17
1,1,5,6,8,9:15
1,2,4,5,5,7:12
2,2,2,4,7,9:13
1,4,8,9,10,10:21
2,3,5,5,7,8:15
2,3,8,9,10,10:21
2,4,4,5,9,10:17
1,3,4,4,5,5:11
2,3,7,8,8,10:19
2,3,5,5,8,9:16
3,3,5,6,9,10:18
2,5,5,6,6,8:16
3,5,6,6,7,9:18
2,5,5,8,10,10:20
1,1,1,2,7,8:10
2,2,3,4,4,7:11
1,3,4,4,8,10:15
4,5,5,5,5,6:15
3,5,5,6,6,9:17
2,6,8,8,10,10:22
1,2,2,5,6,8:12
1,3,5,5,5,7:13
2,2,4,5,6,7:13
1,2,2,6,6,9:13
3,5,8,8,9,9:21
3,5,5,6,6,7:16
5,5,6,8,8,10:21
1,1,7,7,9,9:17
2,2,4,4,6,6:12
5,6,7,8,8,10:22
5,6,6,7,7,7:19
4,4,4,4,7,7:15
5,6,7,9,9,10:23
4,5,5,7,7,8:18
2,2,3,3,6,8:12
1,2,3,5,5,10:13
1,2,5,7,7,10:16
8,9,9,9,9,10:27
3,3,4,6,8,10:17
1,2,2,5,6,10:13
1,2,3,3,3,6:9
7,7,7,7,10,10:24
4,4,4,6,7,9:17
1,2,2,2,6,7:10
2,2,2,3,8,9:13
1,3,3,6,9,10:16
1,2,5,6,6,8:14
2,3,4,5,7,9:15
1,5,5,8,9,10:19
2,3,4,5,6,6:13
1,1,1,1,7,7:9
1,1,2,3,7,10:12
2,3,4,6,8,9:16
1,1,3,5,7,9:13
5,5,8,8,8,8:21
3,4,9,9,9,10:22
6,6,7,7,8,8:21
2,3,5,6,6,6:14
1,4,5,6,6,10:16
3,3,6,7,8,9:18
3,3,4,4,8,10:16
1,6,6,7,8,10:19
2,2,4,4,4,4:10
5,8,8,9,10,10:25
1,5,6,6,8,8:17
1,2,5,7,8,9:16
1,3,3,4,4,7:11
5,5,6,6,8,8:19
1,3,5,7,8,8:16
9,9,9,9,10,10:28
1,5,5,5,6,8:15
3,6,7,8,8,10:21
8,9,9,10,10,10:28
2,2,2,4,8,10:14
4,5,6,7,8,8:19
3,4,5,6,10,10:19
1,5,6,8,8,10:19
1,2,7,9,9,10:19
3,6,6,6,7,10:19
1,2,3,3,9,10:14
3,3,4,6,7,9:16
2,3,4,4,6,9:14
1,3,4,7,8,9:16
3,3,6,6,6,6:15
1,3,5,6,8,9:16
1,2,3,4,4,6:10
1,2,4,5,9,9:15
1,2,6,6,9,10:17
2,5,8,8,9,10:21
3,3,7,7,10,10:20
2,3,7,8,10,10:20
2,6,7,9,10,10:22
2,2,6,7,7,8:16
5,5,7,8,8,9:21
1,3,4,6,10,10:17
6,7,7,8,8,10:23
3,3,6,7,9,10:19
3,5,7,8,9,10:21
1,3,5,8,9,10:18
3,4,6,7,10,10:20
5,5,6,7,7,10:20
3,4,7,8,8,8:19
2,3,5,6,8,10:17
1,2,4,5,8,8:14
2,3,6,7,7,7:16
3,5,5,6,7,10:18
2,2,2,2,10,10:14
1,2,4,4,9,10:15
2,4,4,4,7,9:15
3,3,4,4,5,7:13
2,2,4,7,7,10:16
1,5,5,7,8,8:17
4,5,5,7,9,10:20
2,4,9,9,10,10:22
1,4,6,7,8,10:18
4,4,4,4,9,9:17
1,2,6,7,10,10:18
2,3,3,3,4,5:10
2,5,6,7,8,10:19
4,6,6,7,7,8:19
3,5,6,7,9,10:20
2,5,5,9,9,10:20
1,2,9,10,10,10:21
1,2,4,6,7,10:15
2,4,5,6,9,10:18
1,2,2,4,9,10:14
3,5,5,6,9,10:19
1,1,6,6,8,8:15
2,2,7,7,8,8:17
1,1,2,5,5,10:12
1,5,5,9,9,9:19
2,6,6,6,7,9:18
1,1,8,9,9,10:19
1,1,4,4,6,6:11
2,3,4,5,6,10:15
3,4,4,5,7,9:16
1,2,4,5,6,8:13
1,4,5,5,5,8:14
2,2,3,3,5,7:11
3,5,5,8,8,9:19
1,4,5,8,8,8:17
2,4,4,7,9,10:18
3,3,8,8,10,10:21
2,2,2,2,5,5:9
2,4,8,9,9,10:21
3,3,4,5,5,6:13
3,6,7,7,8,9:20
1,2,5,8,8,10:17
1,3,7,7,7,9:17
2,2,2,4,6,8:12
2,4,6,9,9,10:20
1,4,4,5,6,6:13
4,8,8,8,10,10:24
2,4,6,6,8,10:18
2,3,6,6,6,7:15
1,2,5,6,9,9:16
1,2,5,7,9,10:17
6,6,7,7,7,9:21
2,3,3,3,6,7:12
5,7,7,9,9,9:23
1,1,2,3,9,10:13
3,5,6,6,8,10:19
4,4,5,6,8,9:18
2,3,7,8,8,8:18
1,1,4,4,10,10:15
1,2,5,5,5,6:12
1,3,4,6,7,7:14
5,5,6,6,8,10:20
3,4,6,7,9,9:19
2,3,3,4,10,10:16
5,6,6,7,7,9:20
1,3,3,3,6,8:12
2,3,5,6,7,9:16
7,9,9,9,10,10:27
4,4,6,6,8,8:18
2,5,5,6,7,7:16
2,2,5,6,6,7:14
2,3,3,3,7,8:13
2,3,9,9,9,10:21
1,3,5,6,6,7:14
1,3,3,4,6,7:12
2,3,5,6,7,7:15
4,5,5,5,6,7:16
3,4,4,5,8,8:16
6,6,6,7,9,10:22
4,5,5,6,10,10:20
3,3,6,6,9,9:18
6,6,6,8,8,10:22
2,3,3,4,7,9:14
2,3,6,6,9,10:18
2,2,2,6,6,10:14
3,3,8,8,8,8:19
1,2,7,7,7,8:16
2,3,4,6,7,10:16
2,3,3,4,5,7:12
1,4,5,5,6,7:14
2,5,5,7,7,8:17
3,4,6,6,8,9:18
1,1,5,5,6,6:12
2,5,6,6,7,10:18
1,3,4,6,9,9:16
1,1,5,5,10,10:16
1,1,5,5,9,9:15
1,2,3,3,4,5:9
4,4,7,7,8,8:19
1,4,5,7,8,9:17
6,6,7,7,9,9:22
1,2,9,9,9,10:20
1,3,3,4,8,9:14
6,8,8,10,10,10:26
7,7,7,7,8,8:22
1,3,3,4,7,10:14
4,5,5,5,7,8:17
2,2,7,8,8,9:18
1,7,7,7,10,10:21
1,3,4,5,5,8:13
1,2,7,7,8,9:17
4,4,6,8,8,10:20
4,4,6,6,10,10:20
1,6,7,8,10,10:21
3,3,7,8,8,9:19
2,3,5,7,8,9:17
1,5,5,5,6,10:16
1,4,7,9,9,10:20
4,5,5,8,8,10:20
2,3,3,3,8,9:14
2,2,3,3,4,6:10
1,4,4,5,6,8:14
1,3,3,3,8,10:14
4,6,6,8,8,8:20
4,6,8,10,10,10:24
4,4,5,6,7,8:17
6,7,7,8,9,9:23
2,4,5,5,6,6:14
5,6,6,7,9,9:21
1,5,5,6,6,9:16
2,3,4,5,9,9:16
1,3,8,10,10,10:21
2,3,7,8,9,9:19
4,4,5,7,8,10:19
1,2,4,4,8,9:14
1,2,3,4,4,4:9
1,2,3,4,6,6:11
2,4,4,4,5,7:13
1,1,1,3,7,9:11
2,4,5,8,9,10:19
3,4,5,6,8,8:17
1,2,4,4,4,5:10
2,4,5,7,7,7:16
2,3,3,4,4,6:11
5,5,6,7,9,10:21
1,4,5,9,9,10:19
2,5,6,8,8,9:19
5,5,6,7,7,8:19
2,3,5,5,5,6:13
2,3,8,9,9,9:20
1,1,2,3,6,7:10
1,1,4,5,8,9:14
1,4,5,5,5,10:15
3,5,5,5,7,9:17
3,6,8,8,9,10:22
1,5,7,8,9,10:20
1,4,4,6,7,8:15
8,8,9,9,10,10:27
2,7,7,7,9,10:21
4,4,9,9,10,10:23
1,1,1,2,5,6:8
2,4,4,6,6,10:16
2,2,3,4,9,10:15
1,4,5,6,7,9:16
1,2,2,4,8,9:13
2,3,7,7,7,8:17
1,3,3,5,8,8:14
1,2,3,4,9,9:14
2,2,3,3,4,4:9
2,5,7,8,9,9:20
2,4,6,6,7,9:17
1,2,7,7,9,10:18
5,8,8,8,9,10:24
2,5,5,6,8,10:18
3,4,4,6,7,8:16
4,6,6,6,7,7:18
3,4,8,8,8,9:20
3,4,4,5,10,10:18
1,1,2,3,7,8:11
3,3,4,5,7,8:15
1,2,3,5,6,9:13
3,3,4,4,9,9:16
1,4,4,8,9,10:18
2,4,4,6,6,6:14
4,4,8,9,9,10:22
4,4,5,5,6,8:16
5,5,7,8,9,10:22
3,5,7,9,10,10:22
5,7,7,7,7,9:21
1,1,2,2,9,9:12
5,7,7,8,9,10:23
1,3,6,8,9,9:18
1,1,3,5,5,7:11
3,3,3,3,7,7:13
2,2,4,5,5,6:12
2,5,8,9,10,10:22
2,3,4,4,7,8:14
1,5,7,7,8,10:19
4,5,6,6,9,10:20
7,8,8,9,9,9:25
1,1,2,5,5,8:11
1,1,2,2,8,8:11
2,4,4,4,6,8:14
1,3,5,6,7,10:16
1,2,2,5,7,9:13
2,2,6,6,8,8:16
2,3,4,5,5,7:13
2,2,7,7,9,9:18
2,4,4,5,7,8:15
1,2,4,4,5,6:11
1,4,8,8,9,10:20
2,3,4,7,8,10:17
2,4,4,8,8,10:18
2,2,6,7,9,10:18
6,7,7,9,9,10:24
6,6,7,7,10,10:23
1,5,5,9,10,10:20
6,7,9,9,9,10:25
4,6,7,9,10,10:23
2,4,7,7,8,10:19
1,4,6,6,7,8:16
1,3,4,5,6,7:13
4,6,8,8,9,9:22
1,2,5,5,7,8:14
4,4,8,8,10,10:22
1,2,3,5,7,10:14
6,7,8,9,9,9:24
2,2,2,3,9,10:14
1,1,2,4,7,9:12
7,7,8,8,9,9:24
2,4,7,7,8,8:18
3,4,5,5,6,7:15
1,3,3,5,6,10:14
1,3,3,4,9,10:15
1,6,7,7,9,10:20
1,1,1,5,5,9:11
3,4,7,7,9,10:20
1,1,1,3,6,8:10
1,2,3,3,7,10:13
1,2,4,6,7,8:14
3,4,5,6,6,6:15
4,5,9,10,10,10:24
9,9,10,10,10,10:29
4,4,5,5,10,10:19
3,4,5,7,9,10:19
1,3,6,7,9,10:18
4,6,6,7,8,9:20
4,4,4,5,9,10:18
2,2,2,4,5,7:11
3,3,5,5,5,5:13
1,3,3,6,6,7:13
4,4,8,8,9,9:21
2,3,3,6,8,10:16
7,8,8,9,10,10:26
2,4,4,5,7,10:16
1,2,3,6,8,10:15
1,3,3,4,5,6:11
1,2,3,4,5,5:10
2,2,2,3,6,7:11
2,6,6,9,9,10:21
4,7,8,8,9,10:23
5,5,6,6,6,6:17
2,2,4,6,6,8:14
2,4,5,6,7,10:17
6,6,6,7,8,9:21
3,5,7,8,8,9:20
8,8,10,10,10,10:28
5,6,7,7,7,8:20
2,3,4,5,7,7:14
3,5,5,6,8,9:18
3,5,6,7,7,8:18
1,3,4,4,6,8:13
1,1,1,2,3,4:6
2,6,6,8,9,9:20
1,3,5,6,7,8:15
1,3,4,5,7,10:15
6,7,7,8,8,8:22
2,6,6,10,10,10:22
1,2,4,7,7,9:15
1,1,3,4,7,8:12
2,2,5,7,7,9:16
2,3,4,5,10,10:17
2,6,6,7,8,9:19
5,5,8,8,10,10:23
1,1,4,4,9,9:14
3,3,6,6,10,10:19
1,2,5,5,9,10:16
2,4,6,7,7,10:18
2,4,7,8,8,9:19
3,4,4,6,8,9:17
5,6,6,7,8,8:20
4,5,6,7,9,9:20
1,2,3,7,7,10:15
4,7,7,7,7,10:21
2,2,3,3,6,6:11
2,3,4,5,5,9:14
3,3,7,8,9,10:20
1,3,3,3,5,7:11
1,3,7,8,8,9:18
1,3,4,4,5,7:12
1,2,3,3,6,7:11
1,2,3,4,8,8:13
1,1,4,4,7,7:12
4,4,4,5,8,9:17
5,7,8,9,9,10:24
3,5,6,6,7,7:17
2,6,7,8,9,10:21
3,3,5,7,7,9:17
3,5,6,8,9,9:20
1,4,7,10,10,10:21
2,2,4,5,9,10:16
1,3,4,4,4,6:11
2,2,2,3,7,8:12
1,1,1,1,6,6:8
3,3,6,6,7,7:16
1,3,4,6,6,10:15
5,6,9,9,9,10:24
1,1,2,3,8,9:12
2,2,3,4,4,5:10
5,5,6,6,10,10:21
1,2,5,6,7,7:14
4,6,6,6,8,10:20
1,2,4,6,6,9:14
1,3,3,7,8,10:16
4,4,4,7,7,10:18
2,5,7,7,8,9:19
5,5,5,7,7,9:19
2,4,4,6,8,8:16
4,5,6,6,6,7:17
4,6,7,8,9,10:22
3,4,4,5,5,7:14
1,2,5,6,8,8:15
7,8,9,9,9,10:26
2,4,5,7,9,9:18
4,6,6,7,9,10:21
2,4,5,6,6,7:15
2,5,5,7,9,10:19
4,7,7,10,10,10:24
2,2,6,7,8,9:17
3,5,5,5,6,8:16
1,3,3,5,6,6:12
1,2,8,9,9,9:19
1,3,3,7,7,9:15
2,4,7,7,7,9:18
5,6,9,10,10,10:25
4,5,5,5,9,10:19
2,2,3,3,8,10:14
2,2,4,4,8,8:14
3,3,5,6,8,9:17
4,5,7,8,9,9:21
3,5,7,7,8,10:20
2,5,5,6,7,9:17
1,4,4,4,6,9:14
1,3,6,7,8,9:17
1,1,10,10,10,10:21
2,3,3,5,6,7:13
1,3,5,5,6,6:13
1,4,5,7,9,10:18
3,3,9,9,10,10:22
5,7,7,7,8,8:21
1,4,4,6,8,9:16
2,2,2,2,9,9:13
1,3,3,4,5,8:12
1,2,2,3,7,9:12
5,5,6,6,7,7:18
4,5,6,7,10,10:21
1,3,7,7,8,8:17
7,7,7,8,9,10:24
1,1,4,7,7,10:15
2,4,4,6,9,9:17
1,4,4,7,9,9:17
1,2,6,8,9,10:18
2,2,6,6,7,7:15
1,3,6,7,7,8:16
1,4,4,6,6,7:14
4,7,7,8,9,9:22
2,3,7,7,9,10:19
1,3,4,4,7,9:14
3,5,6,6,6,10:18
1,2,6,7,9,9:17
3,5,5,6,7,8:17
6,8,8,9,9,10:25
2,4,7,9,10,10:21
1,2,3,3,8,9:13
1,2,2,3,4,4:8
2,2,3,5,7,9:14
1,4,5,6,8,10:17
1,1,2,6,6,10:13
1,2,8,8,9,10:19
1,3,6,9,9,10:19
2,4,4,6,10,10:18
1,4,5,5,6,9:15
3,5,8,8,8,10:21
2,3,3,6,6,8:14
2,7,7,8,10,10:22
1,2,2,3,5,7:10
2,3,3,4,9,9:15
5,7,7,7,8,10:22
5,6,7,8,8,8:21
6,7,7,8,10,10:24
1,1,2,4,5,9:11
2,3,4,4,7,10:15
1,1,6,6,9,9:16
1,2,7,8,9,9:18
4,4,5,7,7,9:18
1,1,3,3,10,10:14
2,3,5,5,9,10:17
1,3,8,9,9,10:20
3,6,6,9,10,10:22
6,6,8,9,9,10:24
6,6,6,7,7,8:20
1,1,4,4,5,5:10
5,5,8,8,9,9:22
4,4,5,5,7,7:16
3,4,6,6,9,10:19
3,4,5,7,8,9:18
3,3,6,8,8,10:19
2,3,4,4,4,5:11
1,2,3,3,3,4:8
1,1,2,4,5,7:10
1,3,3,4,7,8:13
3,5,5,7,8,8:18
1,3,4,5,6,9:14
2,3,6,6,8,9:17
3,3,5,6,6,7:15
1,1,1,1,8,8:10
1,1,1,5,6,10:12
1,3,5,5,7,9:15
3,4,7,7,8,9:19
2,3,4,5,8,10:16
2,4,7,8,9,10:20
3,4,6,7,8,10:19
1,4,5,8,10,10:19
1,1,1,2,9,10:12
1,5,7,9,10,10:21
4,4,6,7,8,9:19
1,4,7,7,7,10:18
3,4,7,8,8,10:20
1,1,9,9,10,10:20
1,1,7,7,8,8:16
5,5,5,6,6,7:17
5,7,8,10,10,10:25
2,3,3,5,7,10:15
3,4,8,9,9,9:21
3,6,7,9,9,10:22
3,3,8,9,9,10:21
2,3,4,5,6,8:14
2,3,4,4,5,8:13
2,2,5,5,7,7:14
1,5,6,7,8,9:18
1,2,6,7,8,10:17
7,7,9,9,9,9:25
2,2,3,4,8,9:14
6,7,8,8,9,10:24
2,2,3,4,6,7:12
1,4,4,5,5,7:13
3,3,6,6,8,8:17
3,3,7,7,8,8:18
1,3,3,5,9,9:15
1,1,5,6,7,8:14
4,7,8,9,10,10:24
3,4,5,6,9,9:18
1,1,3,3,4,4:8
2,2,4,4,5,9:13
1,1,1,1,4,4:6
2,2,2,2,3,3:7
5,6,6,6,6,7:18
2,5,7,9,9,10:21
1,5,6,7,7,10:18
3,4,5,5,9,10:18
2,6,7,7,9,9:20
1,2,2,3,6,8:11
3,5,7,7,8,8:19
1,1,3,3,9,9:13
3,6,8,9,10,10:23
1,5,6,8,9,9:19
2,3,5,5,6,7:14
2,2,6,6,9,9:17
2,4,5,8,8,9:18
1,2,7,8,8,10:18
4,4,5,6,7,10:18
2,5,6,6,6,9:17
2,3,7,7,8,9:18
6,6,6,6,8,8:20
1,1,7,7,7,7:15
2,3,4,4,5,6:12
2,3,6,8,9,10:19
2,3,3,6,7,9:15
5,6,7,8,9,9:22
5,5,6,6,7,9:19
1,2,2,3,7,7:11
5,5,5,5,7,7:17
2,3,3,4,8,10:15
1,2,3,4,7,9:13
5,5,5,5,9,9:19
3,4,9,10,10,10:23
2,5,7,7,7,10:19
1,4,7,8,9,9:19
2,3,3,5,9,10:16
2,4,8,10,10,10:22
1,2,3,5,9,10:15
1,1,2,3,6,9:11
1,2,3,5,6,7:12
1,6,6,9,10,10:21
5,5,8,9,9,10:23
4,5,7,7,9,10:21
1,4,6,9,10,10:20
4,5,5,6,7,7:17
3,3,4,5,9,10:17
1,1,4,6,6,8:13
4,7,7,8,8,10:22
3,4,6,6,7,8:17
1,1,4,5,6,7:12
4,6,6,8,9,9:21
1,2,3,5,8,9:14
1,3,3,4,6,9:13
7,7,10,10,10,10:27
1,3,3,3,3,5:9
5,7,8,8,8,10:23
1,3,3,5,7,7:13
2,2,4,4,10,10:16
2,2,4,4,9,9:15
1,3,5,8,8,9:17
1,3,3,3,4,6:10
3,5,7,9,9,9:21
2,3,5,5,5,10:15
1,1,3,3,7,7:11
1,2,6,6,8,9:16
6,7,9,10,10,10:26
2,2,3,5,8,10:15
1,3,3,6,7,8:14
2,2,6,8,8,10:18
6,6,6,6,10,10:22
5,7,7,9,10,10:24
5,6,6,6,9,10:21
2,3,3,4,4,4:10
2,2,4,4,6,10:14
5,6,8,9,9,9:23
2,2,5,5,5,5:12
1,1,2,3,3,4:7
5,5,7,7,9,9:21
1,2,2,3,3,5:8
1,2,5,6,6,6:13
4,4,5,6,6,9:17
3,4,6,8,9,10:20
1,2,3,4,5,9:12
2,3,3,3,9,10:15
1,2,2,3,5,5:9
1,2,6,6,6,7:14
2,4,6,7,9,10:19
1,2,3,4,8,10:14
2,3,6,7,8,10:18
2,3,4,5,8,8:15
6,7,7,7,8,9:22
1,2,6,7,8,8:16
5,5,10,10,10,10:25
2,2,3,3,9,9:14
4,5,6,8,8,9:20
1,2,2,5,5,7:11
1,2,2,2,8,9:12
5,5,6,6,9,9:20
3,4,8,9,10,10:22
4,4,5,6,9,10:19
4,4,5,5,6,6:15
1,3,4,7,7,8:15
1,1,2,2,5,7:9
1,3,5,5,6,8:14
1,4,4,5,8,10:16
3,3,10,10,10,10:23
4,5,6,8,9,10:21
1,2,4,7,8,10:16
3,4,6,6,6,7:16
1,2,3,6,7,9:14
1,1,5,7,7,9:15
5,6,6,6,8,9:20
1,2,2,2,7,8:11
2,5,6,7,8,8:18
2,3,5,7,7,8:16
1,1,6,7,7,8:15
4,5,7,8,8,8:20
1,3,4,6,8,8:15
3,6,6,8,9,10:21
1,3,9,9,10,10:21
4,5,6,6,6,9:18
3,4,5,6,7,7:16
2,2,4,5,7,8:14
2,4,6,7,7,8:17
2,2,4,5,8,9:15
1,3,7,8,9,10:19
5,5,6,6,6,8:18
2,2,4,5,5,10:14
1,2,5,6,10,10:17
3,4,6,8,8,9:19
4,6,9,9,10,10:24
2,2,8,8,9,9:19
3,6,6,7,8,8:19
1,1,5,6,6,7:13
2,5,7,10,10,10:22
2,3,5,7,9,10:18
3,3,4,5,7,10:16
2,2,3,4,5,8:12
1,1,3,5,6,8:12
7,7,7,8,8,9:23
1,2,3,3,5,6:10
2,2,7,7,7,7:16
2,2,2,2,8,8:12
2,3,4,4,6,7:13
1,3,5,7,10,10:18
3,5,5,7,7,7:17
1,2,5,6,8,10:16
3,4,4,5,7,7:15
3,4,8,8,9,10:21
4,5,6,7,7,7:18
4,4,6,7,9,10:20
1,5,5,6,7,10:17
1,1,7,8,9,10:18
1,1,1,2,6,7:9
2,3,6,7,8,8:17
2,2,3,3,8,8:13
3,7,7,9,10,10:23
2,4,5,6,7,8:16
1,3,4,5,5,10:14
1,3,6,6,7,9:16
5,5,7,7,8,8:20
2,4,4,7,7,8:16
2,4,5,7,8,8:17
1,2,4,5,10,10:16
1,3,7,7,8,10:18
2,3,6,7,9,9:18
2,2,2,2,7,7:11
3,4,7,8,9,9:20
1,4,5,6,6,8:15
4,5,8,8,8,9:21
3,3,4,4,7,7:14
2,2,2,3,5,6:10
3,4,5,7,7,10:18
2,2,4,6,8,10:16
2,4,5,5,5,7:14
4,4,5,5,9,9:18
2,2,3,4,6,9:13
1,2,3,4,6,8:12
2,3,3,6,6,10:15
2,3,3,4,8,8:14
1,4,6,6,7,10:17
2,3,3,5,5,6:12
3,3,3,6,7,10:16
2,3,8,8,8,9:19
4,6,6,8,10,10:22
5,5,5,6,8,9:19
3,4,5,5,6,9:16
1,2,2,3,9,9:13
2,3,4,6,7,8:15
3,5,5,7,9,9:19
3,4,4,5,6,8:15
4,4,5,5,8,8:17
1,3,3,5,10,10:16
3,3,5,6,7,8:16
2,3,3,5,7,8:14
1,1,5,6,9,10:16
4,6,8,9,9,10:23
3,3,5,7,8,10:18
1,2,5,5,8,9:15
1,2,2,3,8,8:12
1,1,5,7,8,10:16
2,4,5,6,8,9:17
2,4,5,5,8,10:17
5,5,5,6,7,8:18
2,2,5,6,9,10:17
2,4,5,5,6,10:16
1,1,4,6,7,9:14
2,3,3,5,5,8:13
1,2,3,3,4,7:10
3,3,4,6,6,8:15
2,2,7,7,10,10:19
1,4,6,8,8,9:18
5,6,6,6,7,8:19
2,3,4,6,6,9:15
7,7,9,9,10,10:26
1,1,1,1,9,9:11
4,4,4,5,5,6:14
2,3,4,6,9,10:17
1,2,3,4,7,7:12
4,5,6,6,7,8:18
1,2,4,5,5,5:11
2,3,4,5,5,5:12
2,2,3,3,7,7:12
1,3,5,7,9,9:17
2,2,4,4,5,5:11
1,3,5,6,6,9:15
6,7,7,7,9,10:23
4,5,5,5,8,9:18
1,3,4,5,5,6:12
4,4,7,8,8,9:20
3,4,5,6,7,9:17
3,5,8,10,10,10:23
3,4,4,6,9,10:18
7,7,8,8,10,10:25
2,3,3,5,8,9:15
2,2,9,9,9,9:20
2,4,4,5,6,9:15
3,4,5,5,5,6:14
1,2,2,3,6,6:10
2,3,6,6,7,8:16
1,1,3,4,4,5:9
1,2,4,4,4,9:12
3,4,4,6,6,7:15
2,4,4,5,6,7:14
1,3,3,6,8,9:15
2,3,6,8,8,9:18
2,5,7,8,8,10:20
2,2,5,5,10,10:17
3,4,7,8,10,10:21
2,2,3,5,6,10:14
6,6,9,9,9,9:24
3,5,6,7,7,10:19
3,4,4,6,7,10:17
6,6,7,8,9,10:23
2,6,7,7,8,10:20
1,1,1,4,6,9:11
2,3,3,4,6,8:13
4,4,8,8,8,8:20
3,3,4,5,6,9:15
3,6,7,7,7,10:20
3,4,7,9,9,10:21
1,3,5,6,9,10:17
3,4,4,6,6,9:16
1,4,5,5,7,10:16
3,4,4,4,6,7:14
3,4,4,7,7,9:17
2,5,6,9,10,10:21
5,5,7,7,10,10:22
1,3,8,8,8,10:19
1,1,6,7,8,9:16
2,3,5,7,7,10:17
1,1,2,5,7,10:13
1,2,2,2,4,5:8
1,2,2,2,3,4:7
4,5,5,6,8,10:19
2,3,5,6,6,8:15
2,3,8,8,9,10:20
2,3,4,4,8,9:15
1,2,2,2,5,6:9
5,7,7,8,8,9:22
2,3,5,6,8,8:16
1,2,2,3,4,6:9
6,6,8,8,9,9:23
2,3,9,10,10,10:22
5,6,8,8,8,9:22
1,2,7,8,8,8:17
3,4,4,7,8,10:18
2,5,6,8,9,10:20
3,5,8,9,9,10:22
1,1,8,8,8,8:17
1,2,4,5,8,10:15
3,3,4,4,5,5:12
1,2,2,5,8,10:14
4,4,6,7,7,8:18
3,5,7,7,7,9:19
3,3,4,6,6,10:16
1,2,4,4,5,10:13
1,3,6,6,7,7:15
2,2,8,9,9,10:20
7,8,9,10,10,10:27
6,6,7,7,8,10:22
1,3,3,5,5,9:13
2,3,3,4,5,5:11
1,1,5,5,7,7:13
1,2,2,4,7,10:13
3,5,6,9,9,10:21
5,6,8,9,10,10:24
7,7,8,8,8,10:24
2,4,6,7,8,9:18
4,6,7,7,8,10:21
2,2,5,5,8,8:15
3,4,4,5,8,10:17
4,4,4,6,6,8:16
1,4,4,5,5,9:14
4,5,5,6,6,8:17
2,2,5,6,8,9:16
2,4,6,6,6,8:16
2,3,4,4,9,10:16
4,5,7,9,9,10:22
1,3,4,5,7,8:14
1,3,7,9,10,10:20
2,4,5,5,5,9:15
4,6,6,6,6,8:18
4,4,7,7,9,9:20
2,4,6,8,9,9:19
2,2,6,6,10,10:18
3,3,8,8,9,9:20
2,4,4,6,7,7:15
2,6,6,6,6,10:18
4,5,7,7,7,8:19
1,1,3,5,8,10:14
8,8,8,9,9,10:26
2,2,7,8,9,10:19
4,4,4,5,7,8:16
2,3,3,3,5,6:11
1,5,6,10,10,10:21
1,2,3,6,6,10:14
1,2,4,5,7,7:13
1,2,2,4,4,5:9
5,5,7,7,7,7:19
2,5,5,5,5,8:15
1,4,6,6,6,9:16
4,4,6,6,6,6:16
2,4,5,5,7,9:16
2,5,6,6,7,8:17
3,3,7,7,9,9:19
6,6,9,9,10,10:25
1,2,4,6,8,9:15
1,3,8,8,9,9:19
6,6,7,8,8,9:22
1,4,4,6,9,10:17
1,1,6,8,8,10:17
3,3,3,5,6,8:14
2,2,9,9,10,10:21
1,2,2,2,2,3:6
2,2,4,6,7,9:15
1,1,3,6,7,10:14
6,8,8,8,8,10:24
3,4,4,5,6,6:14
1,3,4,5,9,10:16
3,5,5,8,9,10:20
1,2,3,4,5,7:11
2,5,6,7,7,9:18
1,4,4,7,10,10:18
3,3,3,5,5,7:13
2,4,4,5,8,9:16
7,8,8,8,9,10:25
1,4,5,7,7,8:16
1,2,2,4,6,9:12
6,8,8,8,9,9:24
1,1,6,6,6,6:13
2,2,3,5,6,8:13
3,3,3,4,9,10:16
4,5,8,8,9,10:22
2,4,6,8,10,10:20
4,4,4,6,8,10:18
4,6,7,9,9,9:22
1,2,4,6,9,10:16
1,3,4,6,6,6:13
3,3,5,5,6,6:14
1,4,4,4,5,8:13
3,3,5,5,10,10:18
4,5,6,6,7,10:19
1,1,2,3,4,5:8
4,4,5,6,6,7:16
2,5,5,8,8,8:18
1,5,6,6,7,9:17
5,6,6,8,9,10:22
1,1,3,4,5,6:10
1,6,6,6,8,9:18
3,3,5,5,9,9:17
3,4,5,6,6,8:16
1,2,6,7,7,7:15
5,5,5,6,9,10:20
1,1,3,3,5,5:9
3,7,7,7,9,9:21
1,1,3,6,6,9:13
3,6,7,10,10,10:23
1,2,4,4,7,8:13
3,5,6,7,8,9:19
5,5,9,9,10,10:24
1,4,4,4,7,10:15
2,2,3,3,5,5:10
1,4,5,6,7,7:15
1,1,3,3,8,8:12
2,2,3,6,6,9:14
4,5,5,6,7,9:18
1,1,1,3,5,7:9
2,4,4,4,8,10:16
1,1,2,2,7,9:11
4,6,7,8,8,9:21
1,1,4,5,9,10:15
1,4,4,5,7,9:15
4,5,6,6,8,9:19
1,3,4,7,9,10:17
1,2,2,6,7,10:14
1,1,1,3,8,10:12
1,4,6,8,9,10:19
3,3,4,5,6,7:14
2,3,4,6,6,7:14
1,2,5,5,6,7:13
1,1,2,4,8,10:13
2,4,4,4,5,5:12
2,2,4,4,7,7:13
2,2,5,5,9,9:16
1,2,8,9,10,10:20
3,4,5,5,7,8:16
4,4,7,8,9,10:21
6,6,8,8,10,10:24
3,3,4,4,10,10:17
1,1,1,4,5,8:10
1,3,6,6,6,8:15
2,2,8,8,10,10:20
3,4,5,6,6,10:17
1,4,4,4,4,7:12
3,3,6,7,7,8:17
5,6,6,7,8,10:21
3,4,4,4,8,9:16
1,3,7,9,9,9:19
4,5,5,7,8,9:19
3,4,5,5,5,8:15
1,1,3,4,8,9:13
4,4,7,7,10,10:21
3,3,3,4,8,9:15
2,2,8,8,8,8:18
3,3,5,5,6,10:16
1,4,7,7,8,9:18
1,2,3,5,5,8:12
3,5,6,6,6,8:17
1,2,2,4,6,7:11
1,5,7,7,9,9:19
1,4,4,5,6,10:15
3,4,5,6,8,10:18
3,4,4,4,7,8:15
1,1,6,7,9,10:17
1,1,4,5,7,8:13
1,1,1,2,8,9:11
1,1,2,2,10,10:13
2,5,6,9,9,9:20
2,3,5,8,8,10:18
1,1,2,3,5,6:9
4,5,5,6,6,6:16
1,2,8,8,8,9:18
1,1,2,2,5,5:8
2,2,3,5,5,7:12
4,5,9,9,9,10:23
3,3,5,5,8,8:16
3,7,7,8,9,10:22
1,2,4,5,7,9:14
3,5,6,8,10,10:21
3,4,6,7,8,8:18
1,1,3,4,5,10:12
6,7,8,9,10,10:25
2,4,5,5,6,8:15
1,1,2,2,7,7:10
4,5,5,6,9,9:19
4,5,8,9,10,10:23
1,2,3,3,6,9:12
1,1,4,6,8,10:15
1,5,6,9,9,10:20
4,5,5,7,7,10:19
2,2,2,5,6,9:13
7,7,8,9,9,10:25
4,5,6,7,8,10:20
6,7,8,8,8,9:23
2,4,4,4,4,6:12
2,4,4,7,8,9:17
1,2,4,4,6,7:12
3,3,4,4,6,6:13
3,4,5,5,7,10:17
3,5,6,8,8,8:19
3,4,5,8,8,10:19
3,3,9,9,9,9:21
1,5,5,8,8,9:18
1,4,4,7,8,8:16
2,2,2,3,4,5:9
1,5,6,6,6,10:17
5,6,7,8,10,10:23
1,1,3,4,4,9:11
3,3,3,5,7,9:15
4,6,6,7,7,10:20
8,8,8,8,9,9:25
2,4,7,9,9,9:20
2,2,2,3,3,4:8
4,5,8,9,9,9:22
3,3,4,4,6,8:14
4,5,7,7,8,9:20
4,5,5,6,8,8:18
1,2,3,4,6,10:13
4,6,8,8,8,10:22
1,2,7,8,10,10:19
5,7,8,8,9,9:23
3,3,4,4,8,8:15
1,2,5,6,7,9:15
1,5,5,7,7,9:17
1,6,6,8,9,10:20
2,3,6,7,10,10:19
2,5,5,8,9,9:19
1,1,3,3,6,6:10
1,1,8,8,9,9:18
1,4,5,8,9,9:18
2,2,3,4,7,10:14
1,2,6,8,8,9:17
1,1,4,5,5,6:11
4,5,7,8,10,10:22
2,2,3,4,7,8:13
1,2,6,7,7,9:16
1,1,3,4,9,10:14
1,2,2,4,5,8:11
6,8,9,9,10,10:26
1,1,3,3,6,10:12
1,5,5,6,7,8:16
1,3,5,5,8,10:16
3,6,6,7,8,10:20
1,1,5,5,5,5:11
2,2,2,5,7,10:14
5,5,9,9,9,9:23
3,6,7,8,9,9:21
5,6,7,7,9,10:22
2,2,3,5,5,9:13
1,4,6,7,7,9:17
4,6,7,7,7,9:20
2,3,5,6,9,9:17
1,3,3,4,4,5:10
2,4,8,8,8,10:20
3,3,3,4,7,8:14
3,4,5,7,7,8:17
2,4,5,6,6,9:16
1,2,3,5,7,8:13
5,7,9,9,10,10:25
1,1,7,8,8,9:17
1,2,2,2,9,10:13
2,2,3,6,7,10:15
2,3,6,7,7,9:17
1,4,4,7,7,7:15
7,8,8,8,8,9:24
1,1,2,4,6,10:12
3,3,3,5,8,10:16
3,4,6,7,7,7:17
1,1,2,4,6,8:11
4,6,6,6,7,9:19
2,2,3,3,3,5:9
1,3,6,8,10,10:19
1,3,4,5,8,9:15
1,3,6,6,8,10:17
3,4,5,5,8,9:17
3,6,6,6,6,9:18
1,2,3,3,7,8:12
4,7,7,9,9,10:23
2,5,5,7,8,9:18
2,2,5,6,7,8:15
3,5,5,5,8,10:18
1,3,3,3,7,9:13
2,3,7,9,9,10:20
3,3,4,4,7,9:15
5,6,6,7,10,10:22
1,1,2,3,5,8:10
8,8,8,8,10,10:26
2,6,6,8,8,10:20
3,4,4,4,5,6:13
1,1,1,2,4,5:7
4,4,9,9,9,9:22
1,2,3,4,10,10:15
1,2,4,5,6,6:12
2,2,3,4,5,6:11