2,3,3,4,6,7,9,10:22
5,5,5,5,6,6,8,10:25
1,1,2,2,6,7,9,10:19
2,2,3,5,5,7,8,8:20
2,2,2,5,6,8,8,9:21
1,4,5,5,5,7,8,9:22
1,2,3,4,6,7,7,8:19
3,6,6,7,8,8,10,10:29
1,2,4,5,5,6,7,8:19
1,2,2,2,3,3,5,6:12
2,5,5,6,6,9,9,10:26
1,3,5,7,7,8,9,10:25
5,5,5,5,6,8,8,10:26
1,3,3,5,6,8,8,10:22
4,4,4,5,7,7,8,9:24
2,2,3,3,3,3,8,8:16
1,2,2,3,3,3,5,7:13
3,5,5,7,9,9,10,10:29
5,7,7,8,9,9,9,10:32
5,6,6,7,8,8,9,9:29
3,5,6,7,8,9,10,10:29
1,4,5,6,6,6,6,10:22
2,3,4,4,8,8,9,10:24
1,4,7,7,8,9,10,10:28
1,3,3,5,5,9,9,9:22
1,2,4,5,5,5,6,6:17
3,5,6,6,6,8,8,8:25
1,1,2,4,6,8,9,9:20
1,4,4,4,6,6,6,7:19
2,4,4,4,4,6,7,7:19
3,3,3,5,6,8,9,9:23
1,2,4,6,7,8,8,10:23
2,2,4,6,6,8,8,8:22
1,1,1,4,5,6,7,7:16
3,5,5,6,7,8,8,8:25
3,4,4,5,7,8,9,10:25
2,3,3,4,7,7,7,9:21
1,2,2,4,7,8,8,10:21
1,2,3,4,5,5,6,8:17
1,2,2,4,5,6,8,8:18
1,1,4,7,8,9,10,10:25
5,5,8,9,9,10,10,10:33
1,2,3,4,4,8,10,10:21
2,3,3,3,5,6,7,9:19
1,1,3,6,7,8,9,9:22
4,4,5,6,7,9,9,10:27
1,2,5,6,7,7,7,7:21
2,3,3,5,6,6,6,9:20
3,3,3,4,4,4,8,9:19
2,3,4,6,6,7,8,8:22
1,1,2,2,3,3,5,7:12
3,4,5,5,8,9,10,10:27
1,4,6,8,9,10,10,10:29
2,7,8,8,8,9,10,10:31
6,8,8,8,9,9,10,10:34
2,3,7,7,8,8,8,9:26
3,4,7,8,9,9,9,9:29
3,4,4,6,6,6,9,10:24
2,3,3,3,4,4,8,9:18
3,3,3,7,7,9,10,10:26
4,5,7,8,8,8,10,10:30
3,4,6,7,7,7,8,8:25
3,5,6,7,7,9,9,10:28
2,2,3,5,5,6,7,10:20
6,6,6,7,7,8,9,9:29
4,4,4,6,6,9,9,10:26
2,2,3,3,3,6,7,10:18
3,4,5,5,6,8,9,10:25
5,6,6,7,9,9,10,10:31
2,5,7,9,9,9,9,10:30
1,1,1,3,6,7,8,9:18
3,3,6,6,6,6,7,7:22
2,3,5,7,7,8,9,9:25
1,5,5,5,5,7,7,9:22
6,7,7,8,9,9,10,10:33
2,3,3,4,5,7,9,9:21
1,1,3,3,6,7,7,10:19
1,3,3,4,5,8,8,8:20
2,2,4,5,6,6,9,10:22
1,3,3,3,3,4,6,9:16
3,3,6,7,9,9,9,10:28
1,3,6,6,8,9,9,10:26
3,4,4,5,8,9,9,10:26
2,2,3,5,6,9,9,10:23
1,1,4,5,8,8,9,10:23
1,1,3,4,4,5,6,8:16
2,3,3,4,5,8,9,10:22
1,1,1,2,3,5,6,9:14
1,3,4,4,5,6,6,9:19
1,1,2,4,5,6,7,10:18
2,2,3,5,6,8,9,9:22
2,4,5,6,6,7,10,10:25
3,5,5,5,6,6,8,10:24
2,5,6,7,7,8,9,10:27
1,1,2,5,6,7,8,10:20
1,3,7,7,7,9,9,9:26
1,1,2,5,7,8,8,10:21
3,3,5,5,8,8,9,9:25
1,1,3,4,7,7,9,10:21
2,3,3,5,6,6,8,9:21
2,4,5,6,8,9,9,9:26
2,3,7,7,7,9,9,10:27
1,3,4,5,6,6,8,9:21
1,3,3,5,8,8,9,9:23
1,4,6,7,7,9,9,9:26
5,7,8,8,8,9,9,10:32
2,3,3,6,6,9,9,10:24
2,4,6,7,7,8,10,10:27
2,4,5,5,6,6,8,8:22
1,2,2,4,5,5,9,10:19
1,2,2,2,4,7,8,10:18
3,3,3,4,4,4,6,9:18
1,3,3,5,8,8,10,10:24
1,2,4,4,4,6,6,9:18
1,2,3,4,5,9,9,9:21
1,1,1,4,5,8,10,10:20
4,5,6,6,6,7,8,8:25
2,3,4,7,8,10,10,10:27
1,2,2,2,7,8,8,8:19
2,2,2,4,5,6,7,8:18
1,2,2,3,3,7,8,10:18
1,6,6,7,7,9,10,10:28
1,1,2,3,8,9,10,10:22
1,3,3,4,4,6,7,8:18
1,3,5,5,5,8,9,10:23
1,1,1,2,6,7,7,9:17
1,1,2,4,4,4,7,9:16
1,1,2,4,7,8,8,9:20
2,2,7,7,7,8,8,9:25
1,1,2,4,6,7,9,10:20
3,5,5,6,6,7,7,9:24
4,4,5,6,7,8,8,8:25
4,7,8,8,9,10,10,10:33
1,6,6,7,7,8,8,9:26
1,2,2,4,4,5,10,10:19
1,4,5,5,6,6,9,10:23
1,1,4,4,9,9,10,10:24
1,3,4,4,5,5,7,9:19
3,5,6,7,8,8,9,10:28
1,3,3,3,3,3,5,7:14
2,5,7,7,7,10,10,10:29
2,5,5,5,6,6,7,10:23
1,1,2,2,6,6,9,9:18
2,2,3,4,5,6,7,7:18
1,4,5,5,7,7,9,10:24
3,4,4,4,5,6,9,9:22
2,3,4,5,5,7,7,7:20
1,1,4,4,6,7,8,9:20
4,5,5,6,7,9,9,9:27
2,3,7,7,7,8,10,10:27
1,5,5,7,7,8,9,10:26
5,5,7,7,8,8,9,9:29
2,4,6,7,9,9,9,10:28
1,1,3,5,5,7,8,8:19
1,1,5,6,7,7,9,10:23
1,2,6,7,7,7,7,9:23
2,4,7,7,8,8,8,10:27
1,2,3,3,7,8,10,10:22
5,6,6,8,8,8,8,9:29
3,4,4,4,8,9,10,10:26
2,2,3,3,4,5,7,8:17
1,2,2,2,5,5,9,10:18
5,6,6,7,8,9,9,10:30
2,2,3,5,5,6,6,9:19
3,3,7,8,9,10,10,10:30
2,6,7,7,9,9,10,10:30
1,2,2,3,3,6,9,10:18
2,4,4,4,6,8,10,10:24
4,4,6,7,7,8,9,9:27
3,4,4,5,8,10,10,10:27
2,6,6,7,8,9,10,10:29
1,5,5,6,7,8,8,10:25
1,2,3,4,4,7,8,9:19
5,6,6,6,7,8,9,9:28
1,1,2,4,8,9,9,10:22
1,1,5,6,6,6,8,9:21
2,3,4,5,6,8,8,10:23
2,2,2,4,6,8,8,8:20
1,1,1,4,6,6,7,10:18
1,3,4,4,7,8,8,9:22
1,2,3,4,5,7,8,8:19
1,1,3,4,6,7,8,10:20
3,4,4,5,6,7,8,9:23
1,1,3,3,6,6,8,8:18
3,4,5,5,6,7,8,8:23
2,7,7,7,8,8,9,10:29
2,2,2,3,4,6,9,10:19
1,2,2,4,5,6,6,10:18
2,6,6,7,7,8,10,10:28
2,3,5,5,9,10,10,10:27
1,2,2,4,5,7,7,8:18
2,2,4,5,5,5,8,9:20
1,2,6,7,8,8,9,9:25
1,3,4,7,8,9,10,10:26
2,4,6,7,8,9,10,10:28
1,1,2,3,5,6,7,9:17
2,3,5,6,7,8,8,9:24
1,2,4,6,9,10,10,10:26
1,1,4,5,9,10,10,10:25
2,2,5,6,7,8,9,9:24
2,4,5,7,7,8,8,9:25
2,3,4,5,6,9,9,10:24
1,2,2,4,7,8,10,10:22
1,2,4,5,6,7,7,10:21
1,1,1,5,7,9,10,10:22
2,2,4,5,5,6,6,8:19
1,2,3,3,3,4,4,4:12
1,1,4,5,7,7,8,9:21
1,2,2,4,7,7,7,10:20
2,3,4,4,4,5,9,9:20
2,3,3,5,5,6,7,9:20
2,3,4,4,6,8,8,9:22
1,1,5,5,8,8,9,9:23
2,3,5,5,8,8,8,9:24
1,2,2,2,2,4,6,7:13
1,2,2,5,6,6,7,7:18
2,5,6,6,6,8,9,10:26
1,2,4,5,6,6,6,8:19
3,5,7,7,8,8,9,9:28
1,1,1,1,3,6,7,10:15
1,1,5,6,6,7,8,10:22
1,2,2,2,8,9,10,10:22
1,2,5,5,7,8,8,10:23
1,2,3,6,8,10,10,10:25
2,3,6,7,8,8,10,10:27
1,1,6,6,6,7,9,10:23
2,5,5,5,8,9,10,10:27
1,3,3,5,5,6,6,9:19
1,2,3,3,4,5,5,7:15
3,4,5,5,8,8,9,10:26
4,5,5,6,8,10,10,10:29
2,3,3,3,4,4,5,6:15
1,1,5,5,5,6,9,10:21
2,3,3,3,8,9,10,10:24
1,1,3,5,6,7,9,10:21
3,4,6,7,8,10,10,10:29
1,2,2,5,7,8,8,9:21
2,3,5,5,8,8,9,10:25
1,2,2,3,7,7,10,10:21
1,2,3,6,6,9,9,10:23
3,3,4,4,7,8,9,10:24
1,3,4,8,8,9,9,10:26
3,4,4,5,8,8,10,10:26
2,3,6,6,8,9,10,10:27
4,4,4,7,7,9,9,10:27
1,4,4,5,7,7,8,10:23
2,3,6,6,7,8,8,10:25
1,1,4,6,6,7,7,8:20
1,1,4,4,5,5,5,7:16
2,3,3,5,5,6,10,10:22
1,2,3,5,8,8,8,9:22
2,2,3,5,7,7,8,10:22
1,2,2,3,4,5,7,8:16
2,3,3,5,7,7,7,10:22
1,2,3,3,4,6,7,8:17
3,6,6,6,7,7,7,10:26
3,3,3,4,4,5,5,5:16
1,4,7,7,8,8,9,10:27
1,3,6,7,7,7,7,10:24
2,2,6,6,7,7,8,8:23
1,3,5,8,9,9,9,10:27
1,2,3,3,3,3,9,10:17
1,1,5,5,6,8,8,10:22
2,3,5,6,7,9,10,10:26
2,2,4,7,7,9,9,10:25
2,3,4,5,7,7,9,9:23
3,4,5,8,8,8,10,10:28
5,5,6,6,9,9,10,10:30
4,5,5,7,7,8,8,10:27
2,4,6,6,8,8,8,10:26
1,4,5,6,6,10,10,10:26
1,3,3,3,5,5,7,9:18
1,1,3,3,4,6,8,10:18
1,2,3,7,8,8,9,10:24
1,2,3,3,4,6,9,10:19
2,3,3,3,3,4,8,10:18
2,3,5,5,6,6,7,10:22
1,2,3,4,5,7,7,9:19
1,3,5,7,7,7,8,8:23
1,4,4,4,5,8,8,10:22
4,4,4,4,6,6,10,10:24
2,2,2,3,6,7,9,9:20
1,1,6,6,7,7,8,8:22
1,4,4,5,5,6,6,7:19
2,2,4,4,4,7,7,10:20
5,8,8,8,9,10,10,10:34
1,2,4,4,6,7,8,8:20
1,1,2,3,4,4,4,5:12
4,4,4,6,6,6,7,9:23
1,2,3,5,5,7,8,9:20
3,5,5,6,7,7,8,9:25
1,1,3,4,7,8,10,10:22
2,4,5,5,5,8,9,10:24
1,3,4,5,5,7,7,8:20
1,2,2,5,5,6,6,9:18
4,4,4,5,5,6,9,9:23
4,4,5,6,7,7,8,9:25
4,5,7,7,8,8,8,9:28
1,1,1,2,6,7,8,8:17
2,5,8,8,8,8,9,10:29
2,3,4,5,5,5,6,8:19
1,2,2,5,5,6,8,9:19
2,3,4,7,7,8,8,9:24
2,4,4,4,4,8,8,10:22
1,3,5,5,5,6,7,10:21
2,3,3,3,3,5,8,9:18
1,1,3,6,7,9,9,10:23
1,2,5,5,5,6,8,10:21
1,2,4,5,5,6,8,9:20
4,5,5,6,6,8,9,9:26
2,3,4,4,6,6,8,9:21
4,4,5,6,6,7,8,10:25
2,3,5,6,6,7,9,10:24
1,3,3,3,4,7,7,10:19
3,5,6,6,6,8,9,9:26
5,7,7,7,7,8,9,10:30
2,2,8,8,8,9,9,10:28
1,2,6,6,6,7,9,9:23
1,2,2,2,3,3,7,8:14
1,4,5,6,7,7,9,9:24
3,4,4,6,6,7,7,7:22
4,6,7,7,8,9,9,10:30
3,4,4,7,7,8,8,9:25
5,6,6,7,7,7,7,9:27
1,2,5,5,5,5,9,10:21
3,3,4,4,4,6,7,9:20
1,2,3,3,5,8,8,10:20
3,4,5,7,7,8,8,8:25
2,4,5,5,5,7,8,8:22
1,1,2,6,6,8,9,9:21
1,5,5,6,7,9,9,10:26
1,2,2,5,6,6,7,9:19
2,3,6,6,6,7,7,7:22
1,2,2,5,6,9,9,10:22
2,2,4,5,8,8,9,10:24
1,2,2,3,5,5,5,7:15
4,5,6,7,7,8,8,9:27
1,2,6,7,7,7,8,8:23
1,2,4,6,7,8,9,9:23
2,4,4,4,5,8,9,10:23
5,7,9,9,9,9,10,10:34
4,5,5,6,7,9,10,10:28
1,2,2,4,4,6,7,10:18
1,2,2,2,5,5,5,10:16
3,3,3,6,7,8,8,10:24
1,2,2,3,6,6,7,7:17
4,4,5,7,7,9,10,10:28
1,1,2,3,4,4,6,7:14
1,2,2,3,4,6,6,8:16
1,3,3,5,5,5,6,8:18
2,2,4,4,6,8,8,10:22
4,6,8,8,8,9,9,10:31
2,2,4,6,7,9,10,10:25
1,1,3,4,5,5,7,10:18
1,1,2,3,6,6,7,10:18
3,4,5,5,6,6,8,9:23
1,1,3,4,4,5,7,9:17
1,2,5,5,6,8,8,9:22
3,3,6,6,6,7,7,8:23
2,5,5,6,6,7,8,9:24
3,4,4,5,5,5,8,10:22
2,3,3,5,8,8,9,10:24
1,3,4,4,4,5,6,7:17
4,4,4,6,7,8,8,9:25
1,3,3,5,6,7,7,8:20
1,2,2,2,4,4,5,6:13
2,3,5,5,6,6,6,7:20
5,7,7,7,8,9,9,10:31
3,4,8,9,10,10,10,10:32
1,3,4,6,6,8,8,10:23
1,2,4,6,9,9,9,10:25
3,3,4,6,7,9,10,10:26
1,2,6,6,6,6,9,10:23
3,3,5,5,6,7,8,9:23
1,3,5,5,6,7,9,10:23
1,3,4,5,6,9,10,10:24
3,5,6,6,7,7,8,10:26
3,3,6,7,7,7,8,9:25
3,3,4,5,6,6,6,7:20
4,5,6,6,7,7,7,10:26
6,7,7,7,8,8,9,10:31
2,4,6,8,8,8,9,9:27
5,7,8,8,8,8,9,9:31
1,4,5,6,8,8,8,10:25
1,4,7,7,7,8,9,9:26
1,4,5,5,6,6,6,9:21
1,2,2,4,4,5,5,7:15
3,4,6,6,7,8,8,10:26
2,2,3,5,7,8,8,9:22
4,4,4,5,8,9,9,9:26
3,3,4,5,7,7,9,10:24
2,2,2,3,4,5,6,6:15
2,3,3,4,5,7,8,10:21
1,1,2,4,7,8,9,10:21
1,1,1,5,6,7,7,10:19
1,3,3,5,5,6,9,10:21
5,6,6,6,8,8,9,10:29
1,1,3,3,5,5,10,10:19
2,3,4,4,5,5,6,7:18
2,4,5,6,6,7,8,8:23
2,2,3,4,7,7,9,10:22
3,3,3,4,5,5,8,9:20
1,2,4,4,5,6,7,9:19
1,4,6,6,8,9,10,10:27
1,2,2,4,4,4,5,8:15
2,2,2,6,6,6,6,10:20
1,2,5,5,6,6,9,10:22
2,2,4,4,6,7,8,9:21
3,5,5,5,6,6,7,9:23
3,4,5,6,6,7,9,10:25
1,5,5,6,8,8,9,10:26
3,4,5,6,6,7,7,8:23
2,2,6,7,7,8,10,10:26
1,4,4,6,7,8,10,10:25
5,5,5,6,7,7,9,10:27
3,3,4,5,7,8,10,10:25
1,4,4,8,8,8,9,10:26
2,3,4,6,8,8,9,10:25
5,5,6,6,7,7,8,8:26
1,3,4,6,6,7,9,10:23
2,5,5,6,6,6,8,8:23
2,4,5,6,6,7,8,10:24
2,5,5,5,6,7,8,10:24
2,2,3,3,7,8,8,9:21
1,3,4,6,6,6,9,9:22
2,4,4,7,8,9,10,10:27
1,3,3,3,7,9,10,10:23
1,1,1,1,5,5,6,6:13
1,1,5,6,6,7,8,8:21
1,1,2,5,5,5,6,9:17
2,2,3,4,7,8,10,10:23
1,1,2,3,5,5,7,10:17
2,3,6,7,8,8,8,10:26
3,4,7,7,7,9,9,10:28
2,2,3,4,4,5,8,8:18
1,1,7,8,8,8,9,10:26
2,5,5,8,9,9,9,9:28
1,3,3,5,6,7,8,9:21
3,3,5,6,6,8,9,10:25
3,3,4,5,7,8,9,9:24
3,4,4,4,4,7,8,10:22
1,3,3,3,4,6,6,10:18
1,1,1,2,4,5,7,9:15
1,1,6,7,7,7,9,10:24
1,1,4,4,5,5,8,8:18
1,1,4,5,6,6,9,10:21
1,3,5,5,9,9,10,10:26
1,1,2,3,3,7,7,10:17
1,3,3,6,7,7,9,10:23
1,1,3,4,5,6,6,6:16
1,4,4,5,6,9,9,10:24
2,2,2,3,5,6,10,10:20
1,1,3,5,5,6,6,9:18
3,4,4,4,8,9,9,9:25
1,2,3,6,7,8,8,9:22
2,2,4,6,6,6,9,9:22
2,4,4,5,7,7,9,10:24
3,5,5,8,8,8,9,10:28
2,4,4,4,5,6,6,9:20
1,2,4,4,8,9,10,10:24
1,4,5,6,7,7,8,8:23
1,2,2,3,4,5,5,6:14
1,3,4,4,5,6,9,10:21
2,3,4,4,4,6,9,10:21
3,3,4,5,6,7,8,10:23
2,4,5,5,6,7,7,8:22
2,2,4,4,6,7,7,10:21
1,4,6,6,7,7,7,8:23
1,2,2,2,5,6,7,7:16
1,2,2,4,7,7,9,10:21
1,6,7,7,7,7,9,10:27
2,3,3,5,6,7,7,9:21
3,3,3,7,7,8,9,10:25
2,5,6,7,7,7,9,9:26
1,4,4,5,5,6,7,10:21
1,3,5,5,7,9,10,10:25
4,6,6,7,7,8,8,10:28
3,6,6,7,7,8,8,9:27
1,2,3,3,3,4,9,9:17
1,1,2,3,4,5,8,10:17
1,1,2,3,3,6,10,10:18
2,3,5,6,6,7,7,8:22
4,4,5,5,6,7,8,9:24
4,4,4,5,7,7,9,10:25
3,4,5,5,6,8,8,9:24
1,2,4,6,8,8,8,9:23
1,2,2,2,5,5,7,8:16
1,2,4,5,6,6,9,9:21
1,3,3,5,5,9,10,10:23
5,5,7,8,8,9,9,9:30
3,3,4,4,5,7,10,10:23
3,4,4,5,7,9,10,10:26
2,2,3,4,4,5,7,9:18
1,1,1,5,5,7,8,10:19
4,5,6,7,9,9,9,9:29
3,4,4,5,6,8,8,10:24
1,1,6,7,8,8,9,10:25
1,2,3,3,4,5,7,9:17
2,2,3,3,6,6,7,7:18
3,3,3,3,6,7,9,10:22
2,4,5,6,6,7,7,9:23
4,4,6,7,7,7,7,8:25
2,2,3,4,5,6,8,10:20
1,1,3,3,5,6,7,8:17
1,1,1,3,3,4,7,8:14
4,5,5,6,6,6,8,10:25
1,5,6,7,8,9,10,10:28
3,4,6,7,8,8,8,8:26
2,2,4,7,8,8,9,10:25
5,5,6,7,7,8,9,9:28
2,2,2,5,6,9,10,10:23
2,4,5,6,7,8,9,9:25
1,1,2,2,3,3,8,10:15
1,2,2,3,8,8,9,9:21
5,6,6,7,8,8,8,10:29
2,4,4,6,7,8,8,9:24
1,5,5,6,7,8,9,9:25
2,4,4,5,6,6,9,10:23
1,2,4,5,7,8,8,9:22
1,3,4,5,6,8,9,10:23
2,5,5,5,6,9,10,10:26
3,3,5,5,9,9,10,10:27
1,3,6,7,7,9,9,10:26
1,4,6,7,7,8,9,10:26
2,4,4,5,7,7,8,9:23
1,2,2,3,4,6,6,10:17
1,1,2,2,3,5,5,7:13
1,4,4,5,6,6,10,10:23
1,2,2,3,4,5,8,9:17
1,2,4,4,6,8,8,9:21
3,3,4,5,8,9,10,10:26
1,2,3,5,5,5,6,9:18
1,1,7,7,9,9,10,10:27
1,1,2,3,3,4,5,7:13
2,4,4,5,5,6,8,8:21
3,5,5,6,6,8,8,9:25
4,4,5,7,7,7,7,9:25
1,3,3,7,7,8,8,9:23
1,2,3,4,8,8,8,8:21
2,4,6,6,7,7,7,7:23
1,1,3,4,5,6,7,9:18
1,1,2,4,5,5,5,7:15
3,3,3,4,6,6,9,10:22
1,2,5,6,7,8,9,10:24
3,4,4,4,5,5,6,9:20
2,2,3,4,6,6,8,9:20
5,6,6,6,7,8,10,10:29
1,4,4,5,6,8,10,10:24
1,1,3,3,3,4,8,9:16
2,2,5,5,6,7,8,9:22
1,1,2,2,6,6,7,9:17
1,3,4,6,7,8,9,10:24
1,2,6,6,8,9,9,9:25
1,1,3,5,6,8,10,10:22
1,2,3,5,5,10,10,10:23
1,1,1,2,2,3,6,6:11
1,1,2,2,3,4,7,10:15
1,1,3,4,5,5,7,8:17
1,4,4,5,5,8,8,9:22
3,5,6,6,7,7,7,9:25
3,4,6,7,7,8,8,9:26
4,6,7,7,7,9,9,9:29
2,3,4,4,4,8,9,10:22
1,3,4,5,6,8,8,9:22
2,3,3,3,6,7,8,10:21
4,4,5,8,8,9,10,10:29
2,2,4,6,7,8,8,9:23
1,1,5,7,7,7,8,10:23
1,1,1,4,7,7,7,10:19
1,2,2,4,7,7,8,9:20
5,5,5,6,6,7,8,10:26
1,1,2,3,4,7,8,10:18
1,1,3,4,4,4,5,6:14
3,4,4,7,8,8,10,10:27
2,4,6,8,9,9,10,10:29
2,3,3,4,5,5,8,10:20
1,2,4,4,4,5,6,6:16
2,2,4,4,5,5,6,6:17
2,4,4,4,6,6,8,10:22
2,4,6,6,7,7,10,10:26
1,1,2,4,6,9,9,10:21
3,3,4,4,4,8,8,10:22
1,2,4,4,6,7,8,10:21
1,1,2,2,4,6,7,9:16
1,2,4,5,5,7,9,9:21
1,2,5,6,6,6,9,9:22
1,3,3,7,7,9,9,9:24
2,4,5,5,5,7,8,10:23
3,5,5,7,7,8,8,9:26
2,5,5,5,6,8,8,9:24
1,1,3,6,6,9,9,9:22
1,1,6,6,6,6,7,7:20
1,1,4,4,5,5,9,9:19
1,2,5,5,5,7,7,10:21
2,4,4,5,6,8,9,10:24
1,3,3,4,9,10,10,10:25
1,2,2,4,4,4,6,9:16
7,8,8,8,9,9,9,10:34
1,1,2,3,3,4,5,5:12
1,2,5,5,8,8,9,10:24
2,2,3,4,4,4,9,10:19
2,4,4,5,5,6,7,9:21
2,4,7,8,8,9,10,10:29
1,2,2,3,3,5,7,9:16
5,6,7,7,8,9,9,9:30
2,4,8,9,9,9,9,10:30
1,4,4,6,7,8,9,9:24
1,3,4,5,7,7,9,10:23
1,2,2,5,5,7,8,10:20
3,4,4,5,6,6,8,10:23
5,5,6,7,7,8,10,10:29
1,3,5,5,6,7,8,9:22
3,4,4,4,5,7,7,8:21
5,7,8,8,9,9,10,10:33
1,2,5,6,8,9,9,10:25
1,1,5,6,6,8,9,10:23
2,2,6,7,8,9,9,9:26
4,5,7,7,8,9,10,10:30
5,6,6,6,6,7,10,10:28
1,2,5,7,7,8,8,10:24
2,4,4,7,7,7,7,8:23
1,2,2,2,5,6,9,9:18
2,3,6,6,8,9,9,9:26
3,4,4,5,5,6,8,9:22
4,5,5,5,9,10,10,10:29
2,4,5,7,7,7,9,9:25
4,4,5,5,6,7,9,10:25
2,4,4,5,7,8,8,10:24
2,4,4,5,7,9,9,10:25
2,5,6,6,6,7,7,9:24
1,1,2,5,6,9,9,9:21
2,2,3,4,6,6,7,10:20
3,5,5,6,6,7,8,10:25
2,3,5,6,8,8,10,10:26
4,4,7,7,8,9,9,10:29
2,5,6,6,7,10,10,10:28
1,2,3,5,5,6,8,10:20
2,3,5,6,6,8,8,10:24
1,2,2,5,7,7,8,10:21
5,6,6,7,7,7,8,8:27
2,3,4,4,7,8,10,10:24
1,3,5,6,7,9,9,10:25
3,3,3,4,7,7,9,10:23
4,5,6,6,7,9,9,10:28
3,4,5,6,6,10,10,10:27
1,4,5,5,6,9,9,9:24
3,3,8,9,9,10,10,10:31
3,4,5,6,7,8,8,9:25
2,4,4,6,7,9,10,10:26
2,2,2,3,3,3,6,7:14
2,3,3,5,5,5,6,9:19
4,4,4,5,6,7,8,8:23
3,3,3,5,6,7,8,9:22
5,5,5,6,6,8,8,9:26
1,2,3,4,7,9,9,9:22
1,5,5,6,6,6,6,9:22
3,3,3,5,7,8,8,9:23
1,3,3,5,8,9,9,10:24
2,4,7,9,9,9,10,10:30
1,6,7,8,8,8,10,10:29
1,4,7,7,8,8,8,9:26
4,5,8,8,9,9,9,10:31
1,1,2,3,5,5,7,8:16
1,3,3,5,6,6,6,10:20
4,6,7,8,8,9,10,10:31
4,5,6,7,7,8,9,10:28
1,2,4,5,5,6,7,10:20
1,2,2,3,6,8,8,10:20
1,3,4,4,5,9,10,10:23
3,5,6,7,7,8,9,9:27
2,3,3,5,6,6,7,10:21
2,5,6,6,7,9,9,10:27
2,2,3,5,8,8,9,9:23
2,2,2,3,3,3,5,6:13
1,2,3,5,8,9,10,10:24
2,5,5,7,7,7,9,10:26
2,4,5,5,5,7,10,10:24
1,1,2,3,9,10,10,10:23
3,5,7,8,8,9,10,10:30
1,4,6,8,8,9,10,10:28
1,2,3,3,4,7,8,10:19
3,3,4,5,5,5,7,8:20
2,2,3,7,7,9,10,10:25
1,2,4,4,6,8,9,10:22
4,5,6,6,7,10,10,10:29
2,4,5,7,10,10,10,10:29
1,1,4,5,6,7,9,9:21
1,4,6,8,8,9,9,9:27
3,6,6,8,8,9,10,10:30
1,2,3,3,3,5,6,7:15
1,4,4,4,5,6,7,9:20
1,3,4,4,5,5,5,7:17
1,3,5,6,7,8,9,9:24
2,2,2,3,5,7,7,8:18
4,5,5,6,6,8,8,10:26
2,3,4,7,8,8,8,10:25
1,1,4,5,6,7,7,9:20
1,2,6,7,7,7,8,10:24
2,4,5,6,9,9,9,10:27
3,4,5,6,6,8,8,10:25
3,4,4,5,5,5,6,6:19
1,5,5,7,7,9,10,10:27
1,2,5,6,7,8,8,9:23
1,2,3,3,6,7,7,9:19
1,2,2,4,5,7,8,9:19
3,4,6,7,7,7,10,10:27
3,3,7,7,10,10,10,10:30
3,4,5,6,7,7,8,8:24
2,4,4,6,9,9,10,10:27
2,5,5,5,8,8,9,10:26
2,4,4,4,7,8,8,9:23
1,3,3,3,7,7,8,8:20
2,2,3,4,5,8,9,9:21
1,2,3,4,5,5,6,6:16
3,4,4,6,6,8,8,9:24
2,2,3,5,8,9,9,10:24
6,7,7,7,9,10,10,10:33
1,2,2,3,3,4,6,7:14
1,2,2,4,7,8,9,9:21
1,1,3,5,8,9,9,10:23
1,2,3,3,5,6,6,10:18
1,2,2,3,3,5,8,10:17
2,2,7,7,9,9,10,10:28
1,1,2,5,5,6,6,10:18
4,4,5,6,7,8,9,9:26
1,2,5,7,7,7,8,9:23
3,3,5,6,7,8,10,10:26
2,3,4,4,8,9,10,10:25
2,2,2,3,6,7,7,9:19
2,2,3,4,6,8,9,10:22
2,4,5,6,7,7,9,10:25
1,2,3,5,9,10,10,10:25
1,1,2,4,4,4,8,10:17
2,2,3,3,4,4,10,10:19
3,3,5,6,8,8,9,10:26
1,1,3,3,4,5,7,10:17
3,4,6,6,7,8,8,8:25
1,2,3,4,4,5,7,8:17
1,1,6,6,8,9,9,10:25
1,4,4,4,6,7,7,9:21
4,4,5,5,8,9,9,10:27
1,2,4,4,5,5,6,7:17
3,4,5,5,7,10,10,10:27
1,1,2,3,4,7,10,10:19
2,5,6,6,7,7,7,10:25
2,4,4,5,5,5,6,9:20
1,2,3,5,6,8,9,10:22
2,3,3,5,6,9,9,9:23
1,2,4,4,5,8,9,9:21
1,1,2,4,4,6,10,10:19
2,3,3,4,4,5,7,8:18
4,4,4,6,8,10,10,10:28
2,2,2,2,3,4,9,10:17
4,4,5,6,6,8,9,10:26
5,6,6,6,7,7,7,10:27
1,2,3,4,4,7,7,8:18
2,2,3,6,6,6,7,10:21
2,3,5,5,5,6,6,6:19
1,2,6,7,10,10,10,10:28
1,2,2,5,7,7,7,9:20
1,4,5,6,7,7,8,10:24
3,3,7,7,8,8,9,9:27
1,1,3,3,4,5,8,9:17
1,1,5,6,7,8,10,10:24
1,3,6,7,8,9,10,10:27
1,3,3,4,5,5,9,10:20
2,2,3,3,5,6,7,8:18
5,7,7,8,8,9,10,10:32
4,4,5,5,6,6,7,9:23
3,5,5,6,8,8,9,10:27
2,3,5,7,9,10,10,10:28
2,4,5,9,9,9,10,10:29
3,3,4,5,7,9,9,10:25
4,6,6,7,7,10,10,10:30
2,3,5,5,6,7,8,8:22
1,2,3,3,8,9,9,9:22
2,2,2,2,3,3,5,5:12
2,2,3,3,4,5,6,7:16
1,2,4,5,7,7,10,10:23
1,3,3,5,6,7,9,10:22
1,3,3,6,9,10,10,10:26
1,2,2,4,6,6,7,8:18
1,2,2,2,3,5,8,9:16
3,3,5,5,6,9,9,10:25
2,5,5,6,7,9,10,10:27
4,6,6,6,7,8,9,10:28
2,2,3,3,4,6,6,8:17
2,4,5,5,6,7,7,10:23
1,4,4,8,8,8,8,9:25
2,4,4,5,5,5,7,8:20
4,4,4,4,6,7,8,9:23
1,2,3,5,6,7,8,10:21
1,1,4,5,5,6,8,10:20
3,4,4,4,6,6,8,9:22
1,1,3,3,6,7,8,9:19
2,2,2,2,7,7,7,7:18
2,3,3,4,5,7,8,8:20
3,5,5,6,6,6,7,10:24
2,2,3,3,5,6,9,10:20
3,6,7,8,9,9,10,10:31
1,1,6,7,7,9,9,10:25
2,4,4,5,7,7,7,10:23
2,3,4,7,7,9,9,9:25
1,2,2,4,4,6,8,9:18
2,4,4,5,7,10,10,10:26
1,2,3,3,3,4,6,6:14
3,5,6,7,7,8,8,10:27
2,3,6,7,8,9,9,10:27
5,5,5,6,6,7,7,7:24
2,3,5,8,8,9,9,10:27
1,4,5,5,7,8,8,10:24
2,4,4,5,5,8,10,10:24
1,2,4,5,8,8,10,10:24
1,4,7,8,8,9,9,10:28
1,3,5,6,8,8,9,10:25
1,1,8,9,9,9,9,10:28
1,4,4,4,5,8,10,10:23
1,2,2,2,7,7,8,9:19
1,1,1,1,3,4,4,5:10
2,2,3,5,5,8,8,9:21
2,5,5,6,6,6,8,10:24
3,3,8,8,9,9,10,10:30
1,2,3,4,6,8,9,9:21
1,1,1,2,3,4,6,8:13
5,5,5,6,6,7,9,9:26
1,2,3,3,5,7,9,10:20
1,3,3,4,4,7,8,10:20
4,5,6,6,8,8,9,10:28
1,2,3,5,6,7,8,8:20
4,5,5,5,5,6,7,9:23
1,1,3,3,6,7,9,10:20
3,5,8,8,8,9,9,10:30
2,3,4,4,8,8,8,9:23
4,5,6,8,9,9,9,10:30
2,2,7,7,7,8,9,10:26
1,2,2,4,6,7,8,8:19
1,5,6,6,7,7,8,8:24
1,3,6,6,7,7,7,7:22
2,3,4,5,6,7,7,10:22
1,1,2,4,5,5,6,8:16
1,1,6,7,7,8,10,10:25
2,2,6,6,7,8,8,9:24
2,3,3,4,4,4,8,10:19
1,1,2,3,5,5,6,7:15
5,6,7,8,9,9,10,10:32
1,2,4,6,6,6,6,9:20
1,1,1,3,3,3,5,7:12
1,4,4,4,6,9,10,10:24
1,2,2,4,4,5,8,10:18
1,2,3,6,8,8,9,9:23
3,6,6,7,8,9,9,10:29
1,4,5,5,6,7,8,10:23
1,2,3,3,3,3,8,9:16
1,2,4,5,6,7,7,8:20
1,1,2,3,3,7,9,10:18
1,4,6,7,7,7,8,10:25
2,2,3,4,6,8,8,9:21
1,3,5,5,6,6,9,9:22
1,2,2,3,5,6,9,10:19
3,5,6,7,9,9,9,10:29
2,5,6,7,8,8,8,8:26
1,2,5,6,7,7,10,10:24
2,4,4,6,8,8,9,9:25
2,4,5,7,8,8,8,8:25
3,6,6,9,9,9,9,9:30
1,2,5,6,6,7,8,9:22
2,6,6,7,8,8,9,10:28
2,2,2,3,4,5,7,7:16
3,4,4,6,8,9,10,10:27
1,5,7,8,9,9,9,10:29
2,3,6,6,6,7,8,8:23
3,3,4,5,5,5,9,10:22
1,3,4,4,4,4,4,6:15
1,1,2,3,5,7,7,8:17
4,5,5,6,7,8,9,10:27
1,4,4,6,7,7,9,10:24
1,2,3,4,7,9,10,10:23
1,3,4,4,7,9,10,10:24
1,1,1,4,6,9,9,9:20
1,2,4,4,9,10,10,10:25
2,2,7,7,9,9,9,9:27
1,2,2,3,4,4,10,10:18
1,3,4,5,5,6,6,8:19
1,3,3,5,5,7,7,9:20
1,1,3,7,7,7,9,9:22
1,1,2,4,4,7,9,10:19
3,4,5,6,6,7,8,9:24
1,1,5,5,9,9,10,10:25
2,3,3,4,5,6,7,8:19
1,1,1,2,4,5,8,10:16
2,3,4,4,5,5,7,10:20
2,3,5,6,6,6,10,10:24
2,3,4,6,8,9,10,10:26
2,3,4,5,7,7,8,10:23
3,4,6,7,7,7,7,7:24
2,2,2,4,4,4,5,7:15
3,3,6,6,7,7,10,10:26
3,4,5,5,7,9,9,10:26
3,4,4,7,7,7,8,10:25
1,1,2,3,4,4,5,6:13
2,3,6,6,7,7,8,9:24
3,4,6,6,9,10,10,10:29
1,1,2,4,5,6,9,10:19
3,3,5,7,8,8,8,10:26
1,1,2,4,9,9,10,10:23
1,5,6,7,7,7,8,9:25
1,1,1,3,5,8,9,10:19
1,2,7,7,8,9,10,10:27
3,5,5,7,8,8,9,9:27
1,1,3,7,7,8,9,10:23
3,3,4,5,6,7,7,9:22
3,3,3,4,5,6,8,8:20
1,2,4,5,6,8,8,10:22
3,3,3,5,5,6,6,9:20
1,3,7,7,8,9,9,10:27
1,5,6,6,7,7,8,10:25
2,3,3,5,7,8,8,10:23
1,1,3,6,6,9,10,10:23
1,3,4,5,7,8,10,10:24
3,3,3,4,6,6,8,9:21
1,5,5,6,6,8,9,10:25
1,2,3,4,4,6,7,9:18
2,2,2,4,4,5,7,10:18
3,4,5,5,7,7,7,10:24
1,2,2,3,3,4,5,8:14
1,2,5,7,9,10,10,10:27
1,2,3,6,6,7,9,10:22
2,3,3,3,4,7,8,10:20
2,4,4,6,6,10,10,10:26
2,3,3,4,7,9,10,10:24
2,2,2,3,7,7,7,8:19
3,5,5,6,7,9,9,10:27
1,1,1,2,3,4,9,9:15
1,3,3,5,5,5,7,7:18
2,2,3,3,4,5,9,10:19
1,1,3,5,6,6,7,9:19
1,2,2,3,5,5,7,9:17
1,3,4,4,6,8,10,10:23
5,7,7,8,9,10,10,10:33
1,3,6,6,7,7,8,8:23
2,4,8,8,8,10,10,10:30
1,1,2,5,6,8,8,9:20
7,7,8,8,8,8,9,9:32
2,2,4,6,7,7,8,10:23
1,2,5,5,9,10,10,10:26
1,3,8,9,9,10,10,10:30
1,2,3,4,6,6,8,10:20
1,1,3,3,4,8,9,9:19
1,1,1,3,4,6,8,8:16
2,4,5,8,9,10,10,10:29
1,1,1,3,3,4,7,10:15
2,2,3,4,7,7,8,9:21
1,1,3,3,4,7,7,10:18
1,1,1,4,5,8,9,9:19
1,4,4,5,5,7,8,8:21
1,2,2,3,8,9,9,10:22
1,1,2,4,4,5,8,9:17
1,1,4,5,5,5,7,8:18
2,2,5,5,6,6,10,10:23
2,3,3,3,3,4,5,7:15
1,3,4,6,6,10,10,10:25
1,2,5,6,6,7,7,8:21
1,2,2,2,4,4,9,10:17
4,4,5,5,6,6,8,8:23
2,2,2,3,4,4,8,9:17
4,4,5,6,7,8,8,10:26
2,3,3,5,5,7,7,10:21
1,2,5,7,7,9,9,10:25
1,1,2,2,3,6,7,8:15
3,3,5,5,5,7,7,9:22
2,2,4,6,8,9,9,10:25
1,2,6,7,7,7,10,10:25
1,2,2,3,7,7,8,10:20
1,2,2,2,3,6,7,9:16
1,4,4,5,6,7,7,10:22
1,3,3,4,4,5,7,9:18
1,2,5,5,6,7,9,9:22
1,1,2,5,6,7,7,9:19
3,4,4,4,5,5,7,8:20
4,5,6,6,9,9,9,10:29
1,1,2,2,7,7,8,8:18
1,4,4,7,9,9,10,10:27
1,1,2,3,4,5,6,8:15
1,4,4,4,5,5,9,10:21
3,3,3,5,5,7,9,9:22
3,5,5,5,5,6,6,7:21
3,3,5,6,7,8,9,9:25
2,2,6,7,7,7,7,8:23
1,2,7,9,9,10,10,10:29
1,1,1,2,3,3,6,9:13
1,1,2,3,4,6,9,10:18
2,2,4,6,6,7,9,10:23
1,1,4,4,5,6,7,8:18
2,3,3,4,5,6,7,10:20
1,2,3,4,10,10,10,10:25
1,5,5,5,6,6,8,10:23
1,2,4,4,4,7,8,10:20
2,3,3,3,5,8,8,10:21
3,3,5,5,5,5,9,9:22
3,5,8,10,10,10,10,10:33
2,2,2,4,5,6,7,10:19
3,3,4,4,4,5,7,8:19
1,3,5,5,6,8,10,10:24
1,1,3,4,7,7,7,8:19
1,3,6,6,9,9,10,10:27
1,1,5,5,6,6,8,8:20
4,6,6,8,9,9,10,10:31
2,2,2,3,8,8,9,10:22
3,3,7,7,8,8,8,10:27
2,2,4,4,4,7,9,10:21
1,2,2,3,7,9,10,10:22
1,4,5,8,9,9,10,10:28
2,4,5,5,5,7,7,9:22
2,5,6,7,7,7,8,10:26
2,5,6,7,7,8,8,9:26
3,3,3,5,7,9,10,10:25
2,2,2,2,3,5,7,9:16
5,5,7,8,8,8,9,10:30
1,2,4,5,7,8,9,10:23
2,2,2,4,6,7,7,8:19
1,3,8,8,9,9,10,10:29
3,5,5,5,5,6,6,9:22
1,2,5,6,8,10,10,10:26
2,5,5,9,9,9,9,10:29
2,3,7,8,8,9,9,10:28
3,4,5,5,8,8,8,9:25
1,4,6,8,8,8,8,9:26
1,3,3,5,6,6,7,9:20
3,4,5,6,6,9,9,10:26
1,3,5,6,8,9,10,10:26
1,1,2,2,2,6,6,10:15
4,6,6,6,7,7,8,10:27
2,2,2,2,6,6,7,7:17
3,4,7,7,8,9,9,9:28
1,5,8,9,9,10,10,10:31
1,1,2,3,5,5,5,6:14
3,3,4,5,5,5,8,9:21
2,2,3,4,6,6,7,8:19
1,1,2,4,4,5,7,10:17
1,2,3,5,5,5,7,8:18
1,1,3,4,5,6,9,9:19
2,2,4,4,7,7,8,10:22
5,5,5,6,8,8,9,10:28
2,3,5,5,6,6,8,9:22
1,2,6,6,8,8,9,10:25
2,6,7,8,9,10,10,10:31
1,1,2,2,5,7,8,8:17
4,4,6,6,6,7,8,9:25
1,3,4,6,7,7,9,9:23
3,3,3,4,6,8,9,10:23
2,2,4,5,6,6,7,10:21
1,3,4,5,8,8,9,10:24
2,3,3,3,5,6,8,8:19
2,3,5,6,7,7,8,10:24
1,4,5,5,6,8,9,10:24
3,3,5,5,7,7,10,10:25
1,3,5,7,9,9,10,10:27
1,2,2,5,8,10,10,10:24
2,2,3,4,7,7,7,8:20
3,3,4,4,6,8,8,8:22
4,5,5,7,7,8,9,9:27
3,3,4,4,6,6,8,8:21
3,3,4,5,6,9,10,10:25
3,4,7,9,9,9,9,10:30
1,2,3,7,7,8,8,10:23
3,3,3,3,4,5,7,10:19
1,1,1,5,6,8,9,9:20
3,5,5,6,6,8,9,10:26
2,3,3,4,4,5,6,7:17
1,5,6,6,6,7,9,10:25
4,7,7,8,8,8,9,9:30
3,3,5,6,6,8,8,9:24
2,2,3,5,7,7,7,9:21
1,1,2,2,2,3,3,4:9
1,1,2,3,5,8,8,10:19
1,3,3,4,4,5,7,7:17
2,2,4,4,5,6,8,9:20
1,2,2,2,3,3,6,7:13
1,1,1,2,2,3,8,10:14
1,2,2,3,9,9,10,10:23
2,3,4,6,6,8,9,10:24
2,6,6,7,7,10,10,10:29
3,7,7,8,9,9,9,10:31
1,2,2,3,4,4,6,6:14
1,3,5,6,7,8,10,10:25
1,3,6,6,6,8,10,10:25
2,3,3,4,6,8,10,10:23
1,4,6,7,8,8,8,10:26
1,2,2,3,4,4,4,6:13
4,4,5,8,8,8,9,10:28
1,3,4,6,6,6,10,10:23
1,3,4,5,5,6,9,9:21
1,3,3,4,6,7,7,7:19
3,6,7,7,7,9,9,10:29
1,1,2,4,6,7,7,8:18
1,2,6,6,6,8,9,10:24
1,2,3,3,6,7,8,8:19
5,6,7,8,8,8,9,9:30
2,2,2,3,4,5,7,9:17
1,1,2,5,5,9,9,10:21
1,2,2,3,4,5,5,8:15
5,5,5,7,8,10,10,10:30
4,4,5,5,5,6,6,7:21
1,1,2,4,5,5,7,9:17
1,3,5,5,6,6,7,9:21
5,6,7,7,7,8,9,9:29
1,2,4,4,7,8,8,10:22
1,3,5,6,7,8,8,10:24
1,1,2,3,7,10,10,10:22
2,2,6,6,7,7,9,9:24
1,2,3,5,5,7,7,8:19
2,4,5,6,8,9,10,10:27
3,3,3,4,5,5,5,6:17
3,4,7,7,9,10,10,10:30
1,2,4,6,6,8,9,10:23
1,1,3,4,5,6,10,10:20
2,2,3,3,6,7,8,9:20
1,2,4,4,5,6,8,10:20
1,3,4,5,6,7,9,9:22
1,3,3,4,5,5,6,9:18
1,1,2,2,3,5,10,10:17
2,3,3,6,7,8,9,10:24
1,2,2,4,5,6,7,7:17
3,3,3,4,5,7,7,8:20
1,3,3,5,6,10,10,10:24
1,3,3,4,4,6,9,10:20
1,3,4,5,5,5,5,6:17
1,3,7,7,7,8,9,10:26
1,3,3,4,5,7,7,8:19
1,3,3,6,6,8,8,9:22
1,3,4,5,6,6,7,8:20
1,1,3,3,4,6,6,8:16
3,4,4,5,5,6,6,9:21
1,3,4,5,5,7,8,9:21
2,3,4,4,7,8,9,9:23
2,2,2,3,6,8,8,9:20
2,3,4,6,7,8,8,10:24
3,3,4,7,7,9,9,10:26
1,2,2,4,6,6,7,10:19
4,6,6,6,8,9,9,10:29
1,4,7,8,9,9,10,10:29
1,1,2,4,5,7,8,10:19
1,2,4,7,7,7,8,10:23
2,2,3,3,3,4,6,7:15
1,2,5,5,5,6,7,9:20
1,3,5,8,8,9,9,9:26
2,3,3,5,6,8,8,9:22
3,3,4,4,7,7,8,8:22
2,3,4,5,6,8,9,9:23
3,5,7,9,10,10,10,10:32
1,3,4,4,4,7,8,9:20
1,1,3,3,4,4,6,6:14
2,3,8,9,10,10,10,10:31
1,4,5,5,5,5,6,9:20
7,7,8,8,8,9,9,10:33
1,2,5,5,6,7,7,9:21
3,3,5,6,7,8,8,8:24
2,3,4,6,6,7,7,9:22
3,5,6,8,9,9,9,9:29
1,1,3,3,5,7,8,10:19
2,2,3,3,6,8,8,8:20
4,4,4,4,7,7,9,9:24
1,3,4,6,8,9,9,10:25
1,2,3,5,5,7,7,10:20
1,1,2,3,4,4,7,8:15
3,3,4,5,5,7,7,10:22
1,3,3,3,4,7,9,10:20
2,2,2,3,3,5,7,8:16
4,5,5,7,7,8,10,10:28
1,1,5,6,8,9,10,10:25
1,3,3,5,7,7,7,7:20
1,3,5,5,6,6,10,10:23
1,1,6,6,6,8,8,10:23
3,3,3,6,6,6,6,9:21
1,2,6,6,8,9,10,10:26
3,3,4,7,8,8,9,10:26
1,3,4,6,8,8,10,10:25
1,1,4,6,7,9,9,9:23
1,2,3,4,4,6,8,10:19
1,1,1,4,8,9,10,10:22
4,4,5,5,7,8,9,10:26
1,1,6,6,7,7,8,10:23
2,4,7,7,7,8,9,10:27
2,2,5,6,8,8,9,10:25
2,4,5,7,8,8,8,10:26
1,1,2,4,5,7,10,10:20
1,4,6,6,8,8,9,10:26
1,3,3,4,6,7,8,10:21
3,3,4,4,5,5,6,10:20
2,3,6,7,7,7,9,9:25
2,3,4,5,8,10,10,10:26
5,5,6,7,9,9,9,10:30
1,3,3,4,5,6,9,9:20
2,2,6,6,6,7,8,9:23
1,3,4,8,8,10,10,10:27
3,5,6,6,6,8,10,10:27
2,3,4,5,6,6,7,9:21
2,3,4,5,6,6,10,10:23
2,3,3,5,6,9,10,10:24
1,2,2,4,4,7,8,8:18
4,4,6,7,8,8,8,9:27
3,3,4,4,5,5,5,7:18
3,3,3,4,4,5,6,8:18
1,4,4,6,6,7,8,8:22
1,1,2,2,3,3,9,9:15
1,1,5,6,6,7,7,9:21
2,2,5,5,8,9,9,10:25
1,2,2,3,5,5,9,9:18
1,2,3,5,7,8,10,10:23
4,6,8,9,9,10,10,10:33
2,3,5,5,7,9,9,10:25
1,1,7,8,8,9,10,10:27
1,1,2,4,5,7,8,8:18
1,1,1,3,3,4,5,8:13
2,2,2,4,4,5,5,6:15
1,2,6,6,6,7,8,8:22
1,1,4,4,5,6,6,9:18
3,4,4,5,5,7,8,10:23
1,3,3,3,8,10,10,10:24
1,2,3,4,5,5,8,8:18
3,3,3,5,6,6,6,8:20
4,5,5,6,6,7,8,9:25
1,1,2,2,4,4,10,10:17
1,4,4,7,7,8,8,9:24
1,2,3,3,4,7,7,9:18
1,2,2,4,4,5,5,9:16
1,2,4,5,6,8,9,9:22
1,1,3,5,5,6,9,10:20
1,2,6,7,9,9,10,10:27
2,4,5,6,7,7,8,9:24
1,3,4,6,6,7,7,8:21
2,3,7,8,8,8,10,10:28
1,1,4,6,7,8,8,9:22
1,2,4,5,6,9,9,10:23
2,4,5,6,7,8,10,10:26
2,4,4,5,6,9,10,10:25
1,1,2,4,6,8,8,8:19
1,3,4,5,9,10,10,10:26
2,3,5,6,6,7,7,10:23
3,5,5,7,8,8,10,10:28
1,3,3,4,6,6,7,8:19
2,3,7,8,8,8,9,9:27
2,2,2,4,5,7,9,9:20
1,2,2,4,4,5,7,9:17
1,1,1,2,2,4,4,7:11
1,1,2,2,5,6,6,7:15
3,3,3,3,4,4,9,9:19
2,2,4,5,5,6,8,8:20
1,1,3,3,6,8,8,10:20
3,5,7,8,8,8,8,9:28
2,2,6,7,9,9,9,10:27
3,4,5,5,6,6,7,8:22
2,3,3,3,3,4,5,5:14
1,3,3,3,4,4,6,8:16
3,3,4,5,5,6,7,9:21
2,2,4,5,6,6,7,8:20
2,3,4,4,5,5,8,9:20
3,4,6,7,8,9,9,10:28
1,4,5,7,7,8,10,10:26
1,5,6,6,7,7,9,9:25
2,2,3,4,5,8,8,10:21
1,1,2,3,3,5,9,10:17
4,4,5,6,8,8,8,9:26
1,3,6,8,10,10,10,10:29
1,2,4,4,4,5,9,9:19
1,1,1,2,7,8,10,10:20
1,1,2,3,6,8,9,10:20
5,5,5,5,7,8,9,10:27
1,1,1,3,5,6,9,10:18
2,4,5,6,6,8,9,10:25
1,1,1,3,7,7,8,8:18
1,3,3,4,5,9,9,10:22
1,4,5,6,7,8,9,10:25
3,4,4,5,6,6,10,10:24
3,5,6,6,8,10,10,10:29
1,3,5,6,8,8,8,9:24
2,4,7,7,8,8,10,10:28
1,3,4,5,6,6,7,10:21
1,2,2,5,7,9,9,9:22
2,4,4,6,6,7,8,9:23
2,3,5,8,8,10,10,10:28
5,6,7,8,8,8,8,10:30
1,1,4,4,4,5,7,8:17
1,4,6,6,6,9,10,10:26
2,4,7,7,7,9,9,9:27
1,3,3,5,7,9,10,10:24
4,5,7,7,8,8,9,10:29
1,3,4,4,5,8,9,10:22
1,2,2,2,3,4,7,9:15
1,2,3,3,3,4,8,8:16
1,1,2,4,8,10,10,10:23
1,2,3,3,4,4,5,6:14
3,3,4,6,8,9,9,10:26
1,2,3,4,6,7,8,9:20
4,4,4,7,7,8,8,10:26
1,3,5,6,6,7,7,9:22
1,2,2,4,4,7,7,9:18
2,2,3,6,6,7,9,9:22
1,3,4,5,5,8,8,10:22
1,1,2,3,7,9,9,10:21
4,5,5,6,6,6,8,8:24
4,4,4,7,8,9,10,10:28
1,1,5,5,6,6,8,10:21
1,5,6,7,7,10,10,10:28
2,2,2,4,4,6,8,8:18
1,1,1,2,8,8,8,9:19
1,1,1,2,5,6,8,8:16
1,3,6,6,7,8,9,10:25
1,1,4,4,8,9,9,10:23
2,3,4,6,7,9,9,10:25
1,2,3,4,8,9,9,10:23
1,1,2,2,5,7,8,10:18
1,2,5,7,7,7,9,10:24
1,2,2,2,8,8,9,10:21
1,1,3,5,6,7,7,10:20
1,1,1,3,5,6,8,9:17
2,2,5,6,6,6,8,9:22
1,2,4,5,6,8,8,8:21
3,5,5,5,7,9,9,9:26
5,6,7,7,7,9,9,10:30
1,1,3,4,5,5,6,7:16
1,3,4,4,6,6,6,8:19
3,4,6,6,7,7,9,10:26
2,3,4,5,7,9,10,10:25
2,2,3,3,3,3,6,8:15
2,4,5,5,6,7,8,9:23
4,6,7,7,7,9,10,10:30
4,6,6,7,7,8,8,8:27
1,2,2,2,4,5,9,9:17
5,6,6,7,8,10,10,10:31
1,1,2,4,4,5,6,7:15
1,1,1,5,6,7,8,9:19
2,3,4,5,5,5,6,10:20
1,1,2,3,6,7,9,9:19
2,2,5,6,6,6,6,7:20
2,2,6,7,7,9,9,10:26
1,3,3,6,6,7,8,10:22
2,3,7,7,8,9,9,9:27
2,2,3,4,4,5,9,9:19
1,4,4,4,6,7,8,8:21
2,2,4,4,8,9,9,10:24
1,2,2,2,6,8,9,10:20
1,2,3,4,5,8,9,10:21
2,2,4,5,7,7,9,10:23
1,4,5,5,5,8,9,9:23
2,3,5,6,8,9,9,10:26
2,3,5,8,9,9,10,10:28
2,2,3,6,7,8,8,10:23
1,1,3,7,7,9,10,10:24
1,3,4,7,7,7,8,9:23
2,2,4,5,6,7,7,7:20
1,1,2,4,8,8,8,10:21
1,2,2,4,8,9,10,10:23
1,3,3,3,5,8,9,10:21
5,5,5,6,9,9,9,10:29
2,2,2,3,6,6,9,10:20
2,2,4,4,5,5,6,10:19
2,2,9,9,9,9,10,10:30
1,3,3,3,5,7,8,8:19
1,5,5,5,6,7,9,10:24
1,4,5,8,9,9,9,9:27
1,2,4,4,5,7,8,9:20
3,3,6,6,7,7,9,9:25
1,2,5,6,6,6,10,10:23
2,2,4,4,5,5,10,10:21
1,1,4,4,6,7,9,10:21
2,5,7,7,7,8,8,10:27
4,6,6,7,7,9,9,10:29
1,1,1,2,6,7,10,10:19
5,5,5,7,7,8,8,9:27
5,5,6,7,9,10,10,10:31
3,3,6,6,6,7,9,10:25
2,4,4,5,8,8,9,10:25
1,1,2,3,4,6,7,8:16
4,4,5,5,7,7,7,9:24
2,7,7,7,9,9,9,10:30
1,4,4,6,6,7,8,10:23
2,2,3,4,4,7,8,10:20
1,2,4,6,7,7,9,10:23
2,3,5,6,9,9,9,9:26
4,6,6,6,7,7,8,8:26
1,2,5,5,5,5,7,8:19
2,3,5,5,6,6,7,8:21
3,3,6,6,6,6,10,10:25
1,1,2,3,5,7,8,9:18
1,3,4,6,9,9,9,9:25
3,5,6,7,8,9,9,9:28
3,3,3,5,7,9,9,9:24
1,1,5,6,8,8,9,10:24
1,2,3,3,4,5,6,6:15
2,3,5,7,9,9,9,10:27
1,1,4,4,6,6,7,7:18
1,6,6,6,6,7,9,9:25
1,1,1,4,4,6,8,9:17
4,6,8,8,9,9,9,9:31
1,2,3,4,5,5,8,10:19
3,6,7,7,8,9,10,10:30
1,1,2,4,5,6,6,9:17
3,4,5,6,8,8,9,9:26
1,2,6,7,8,9,9,10:26
1,4,4,4,5,9,9,10:23
1,3,4,6,7,7,10,10:24
4,4,4,5,5,7,7,8:22
2,6,7,7,9,9,9,9:29
1,2,3,3,3,4,6,10:16
2,4,4,5,6,6,6,9:21
2,3,3,3,5,5,9,10:20
3,4,4,4,7,8,8,8:23
1,4,5,6,8,8,9,9:25
3,3,4,4,5,7,7,9:21
5,5,7,7,8,8,10,10:30
2,2,3,3,5,5,9,9:19
1,3,3,4,8,9,9,9:23
2,4,6,8,8,9,9,10:28
2,2,2,4,6,6,7,9:19
2,3,5,6,8,8,9,9:25
1,5,6,6,6,6,7,9:23
4,5,6,6,7,7,7,8:25
1,3,6,6,6,8,9,9:24
1,3,3,4,8,9,10,10:24
1,1,1,2,4,5,7,7:14
4,4,5,5,5,6,9,10:24
4,4,4,5,5,6,7,7:21
2,2,3,5,5,6,8,9:20
1,2,2,5,7,9,10,10:23
1,2,5,5,5,6,8,8:20
2,2,8,9,9,10,10,10:30
3,4,5,6,6,6,7,7:22
2,4,4,5,6,7,7,9:22
1,3,4,4,4,6,7,7:18
2,3,4,4,6,7,7,7:20
1,1,3,4,5,8,8,10:20
2,4,4,6,8,8,10,10:26
2,3,4,4,5,5,6,9:19
4,4,4,5,5,6,8,10:23
1,1,3,4,5,6,8,10:19
2,3,6,7,10,10,10,10:29
4,5,5,7,8,8,9,10:28
3,3,4,5,6,6,7,10:22
2,3,3,4,4,4,7,9:18
1,2,8,8,8,9,10,10:28
1,3,7,7,9,9,10,10:28
2,2,5,7,7,8,8,9:24
7,7,7,7,9,9,10,10:33
1,3,3,5,5,6,8,9:20
1,2,2,3,5,5,6,8:16
1,3,5,6,7,7,7,10:23
1,1,2,3,5,6,10,10:19
1,3,6,7,9,10,10,10:28
1,4,5,5,7,7,8,9:23
7,7,8,8,9,9,10,10:34
1,3,3,4,7,7,8,9:21
1,1,5,5,6,7,8,9:21
2,2,2,2,5,6,8,9:18
1,2,4,5,6,6,7,9:20
1,1,2,4,4,6,6,10:17
1,4,4,5,5,6,8,9:21
1,2,2,6,6,6,7,8:19
2,6,6,6,6,6,7,9:24
2,3,3,6,6,7,7,10:22
1,1,4,5,6,6,6,9:19
1,1,1,2,5,5,6,7:14
2,4,8,8,8,9,9,10:29
1,3,3,5,6,9,9,10:23
1,3,3,3,4,6,6,6:16
4,5,6,7,7,7,10,10:28
1,2,2,4,5,6,6,8:17
2,4,4,4,5,5,5,7:18
1,3,4,5,7,7,8,9:22
2,2,4,6,7,9,9,9:24
3,3,3,5,5,5,8,10:21
3,6,6,6,7,9,9,10:28
2,4,4,4,5,6,7,10:21
1,1,2,4,5,8,8,9:19
4,6,7,7,7,8,9,10:29
1,3,3,3,4,6,8,8:18
1,4,5,5,6,7,9,9:23
2,2,2,4,4,5,7,8:17
1,1,4,5,5,7,7,8:19
1,2,5,6,9,9,10,10:26
3,4,6,6,6,7,9,9:25
2,4,4,4,5,5,6,10:20
5,5,5,6,6,7,10,10:27
1,2,3,4,4,5,7,10:18
1,1,3,3,5,5,9,9:18
2,4,5,5,7,7,8,10:24
1,3,4,4,6,6,8,10:21
3,5,5,6,7,8,8,10:26
2,3,4,5,6,6,9,9:22
6,6,7,7,8,8,9,9:30
1,1,4,5,6,6,8,9:20
1,1,1,1,3,4,5,6:11
1,3,3,3,4,5,8,9:18
1,2,5,5,6,8,9,10:23
2,2,3,4,5,9,9,10:22
3,5,5,5,9,9,10,10:28
1,3,3,3,4,5,6,9:17
2,5,6,8,8,8,9,10:28
1,3,6,6,8,10,10,10:27
3,4,4,4,6,7,8,10:23
1,1,1,2,4,4,6,7:13
3,3,3,3,5,6,6,7:18
1,3,4,4,5,5,6,8:18
5,5,7,8,8,9,10,10:31
1,1,7,7,7,8,9,10:25
1,3,3,4,6,7,10,10:22
3,3,4,6,6,8,9,9:24
1,1,2,3,5,6,8,10:18
1,2,6,8,8,8,8,9:25
2,3,5,5,7,8,8,10:24
1,4,6,6,6,7,10,10:25
1,1,1,4,6,8,8,9:19
6,6,6,7,8,9,9,9:30
1,1,2,2,5,6,7,8:16
2,2,3,3,4,7,7,10:19
2,3,5,7,8,8,9,10:26
4,4,4,5,5,8,8,10:24
3,3,3,5,8,9,9,10:25
2,3,5,5,7,8,10,10:25
1,1,1,2,4,5,9,9:16
1,5,5,8,9,9,9,10:28
2,3,4,4,4,5,6,10:19
1,1,3,4,6,7,7,7:18
1,3,3,4,7,8,8,10:22
2,2,2,3,3,3,3,4:11
1,2,3,3,6,8,9,10:21
4,5,5,7,7,9,9,10:28
2,5,6,7,8,8,10,10:28
2,4,5,8,8,8,8,9:26
1,1,6,6,7,7,10,10:24
1,3,4,5,5,6,7,7:19
2,3,3,5,6,6,7,8:20
2,3,4,5,8,9,9,10:25
1,1,2,3,6,6,6,7:16
1,1,4,4,5,6,8,9:19
2,4,4,8,8,9,9,10:27
2,4,6,7,7,9,9,10:27
1,3,4,4,5,5,6,10:19
1,3,3,5,7,8,9,10:23
1,1,6,6,6,7,8,9:22
2,3,4,4,5,6,6,8:19
1,2,3,4,8,10,10,10:24
2,2,5,7,7,7,7,9:23
1,2,2,2,4,7,7,9:17
1,1,2,4,7,9,9,9:21
2,4,4,5,5,7,7,8:21
2,3,4,5,5,7,7,9:21
2,2,4,5,5,9,9,10:23
1,1,2,3,3,7,8,9:17
1,1,3,5,6,8,8,8:20
4,5,6,6,7,8,10,10:28
1,2,4,7,8,8,8,10:24
2,3,4,4,8,9,9,9:24
2,4,4,4,4,5,5,8:18
4,5,7,8,10,10,10,10:32
1,3,8,8,8,10,10,10:29
5,7,7,7,8,10,10,10:32
1,1,3,4,6,8,9,10:21
2,5,7,9,9,10,10,10:31
2,2,4,5,5,5,9,10:21
1,1,3,4,7,8,8,8:20
1,2,2,3,3,5,9,9:17
1,1,2,3,4,4,5,8:14
2,4,6,9,9,9,9,10:29
6,8,8,9,9,10,10,10:35
4,4,6,8,8,8,8,10:28
3,4,4,5,8,8,9,9:25
1,3,3,3,7,9,9,9:22
2,3,4,5,5,7,8,10:22
2,2,2,5,5,9,9,10:22
3,3,4,6,8,8,8,10:25
3,3,3,3,5,7,8,10:21
2,4,6,6,7,9,10,10:27
1,2,4,4,5,7,7,10:20
2,3,4,5,5,6,9,10:22
1,1,4,6,6,6,7,7:19
1,2,2,4,6,7,7,9:19
4,4,5,5,5,7,7,7:22
4,5,7,7,7,8,8,10:28
1,3,4,4,5,6,7,10:20
3,3,3,5,7,8,9,10:24
5,5,5,6,9,10,10,10:30
2,4,5,5,7,7,8,8:23
3,3,3,3,5,5,5,5:16
1,1,3,3,7,7,10,10:21
1,3,4,5,7,10,10,10:25
5,5,6,7,8,9,10,10:30
1,2,4,4,6,6,7,8:19
1,1,2,5,8,9,10,10:23
3,5,5,6,6,9,10,10:27
5,6,7,7,7,7,9,10:29
2,3,4,4,6,7,8,8:21
2,2,3,5,5,6,7,8:19
2,3,4,6,7,8,10,10:25
1,2,3,4,4,5,5,8:16
1,1,3,3,7,8,8,9:20
1,1,4,5,5,8,10,10:22
2,2,3,3,3,5,6,8:16
1,2,3,3,4,5,8,10:18
1,2,2,5,6,8,8,10:21
3,4,5,7,9,10,10,10:29
3,5,6,6,7,8,9,10:27
3,4,6,7,7,7,9,9:26
1,3,4,6,6,9,9,10:24
1,2,3,6,6,8,10,10:23
1,4,5,5,6,7,10,10:24
2,6,6,10,10,10,10,10:32
3,5,6,6,8,8,9,9:27
1,3,4,4,4,5,5,8:17
2,4,4,5,6,7,7,7:21
2,3,3,4,6,7,7,10:21
5,5,6,6,7,9,9,9:28
3,3,4,6,6,7,8,9:23
1,4,5,5,6,8,8,9:23
1,2,2,2,4,4,6,7:14
1,3,5,5,6,6,8,8:21
3,5,6,7,8,8,8,9:27
4,4,6,7,8,8,9,10:28
1,3,3,5,7,7,10,10:23
1,1,4,5,7,8,10,10:23
6,7,7,8,8,9,9,10:32
3,3,4,5,6,6,8,9:22
3,3,4,4,6,6,9,9:22
5,6,6,6,9,9,9,10:30
1,2,2,4,6,6,9,10:20
4,4,4,5,7,8,8,10:25
4,5,5,7,8,9,9,9:28
2,3,3,4,8,8,8,10:23
5,5,5,7,7,7,7,9:26
1,1,1,1,6,6,10,10:18
2,3,3,5,6,6,9,10:22
1,1,1,5,5,5,6,10:17
1,1,3,6,6,7,8,8:20
2,2,2,6,8,8,10,10:24
2,3,5,5,6,7,8,10:23
1,2,3,4,4,6,7,7:17
4,5,6,8,8,9,9,9:29
1,3,3,4,5,8,9,9:21
2,5,5,6,8,9,9,10:27
1,3,3,4,6,7,8,8:20
1,1,3,3,4,5,7,8:16
1,4,4,7,7,8,9,10:25
1,2,2,2,3,4,6,6:13
4,6,6,7,7,8,9,9:28
1,2,3,6,6,7,7,10:21
5,6,7,8,8,10,10,10:32
1,2,2,3,5,6,7,8:17
1,1,2,2,4,5,9,10:17
4,7,7,7,8,9,10,10:31
2,5,6,6,7,8,8,10:26
4,6,7,7,8,8,9,9:29
2,5,5,8,9,9,10,10:29
2,5,5,6,7,7,7,9:24
1,2,6,6,9,9,9,10:26
1,2,4,4,4,4,9,10:19
2,5,5,5,6,8,9,10:25
5,6,8,8,8,9,10,10:32
1,3,6,8,9,9,10,10:28
1,2,2,3,6,6,8,10:19
1,2,5,7,8,8,9,10:25
1,3,5,6,7,7,8,9:23
3,7,8,9,9,10,10,10:33
5,6,6,7,8,8,10,10:30
1,2,4,5,8,8,8,8:22
1,2,3,3,4,6,7,10:18
1,2,5,5,7,8,10,10:24
2,4,5,6,6,6,7,10:23
1,1,3,3,4,4,6,8:15
2,5,7,8,9,9,9,9:29
1,1,3,5,6,9,9,10:22
2,4,5,5,6,6,7,7:21
5,5,6,7,8,8,9,10:29
3,5,6,6,7,9,9,9:27
4,4,5,6,6,7,7,9:24
3,5,6,7,7,7,7,8:25
3,5,5,5,7,7,7,9:24
1,1,4,6,6,7,9,10:22
1,1,1,2,2,3,6,8:12
1,2,5,6,6,8,8,10:23
3,4,5,6,6,6,6,8:22
4,7,8,8,8,8,9,10:31
1,3,4,5,5,8,9,9:22
1,3,5,6,6,8,8,9:23
2,2,3,4,5,6,7,9:19
2,2,4,5,6,7,9,9:22
1,4,6,7,7,9,10,10:27
3,4,5,5,7,7,7,8:23
3,4,4,6,6,6,7,10:23
4,5,6,6,8,9,10,10:29
2,4,5,5,7,8,9,10:25
1,3,5,6,6,7,8,10:23
1,4,5,7,7,7,9,10:25
1,1,1,2,5,6,9,9:17
1,1,2,4,5,5,6,10:17
2,3,3,4,5,5,5,7:17
6,7,9,9,9,10,10,10:35
1,3,3,5,6,6,8,10:21
4,5,5,7,9,10,10,10:30
4,4,4,5,8,8,9,10:26
1,1,2,5,5,6,8,8:18
3,4,7,8,8,8,8,10:28
1,4,5,6,7,9,10,10:26
3,4,4,4,5,5,5,6:18
2,4,6,6,7,7,7,9:24
2,5,5,6,6,7,7,8:23
3,4,4,6,9,9,9,10:27
3,3,7,8,8,9,10,10:29
1,1,4,4,4,6,8,10:19
4,4,5,5,5,6,8,9:23
3,3,5,7,9,9,10,10:28
1,1,3,5,7,7,10,10:22
2,2,3,4,5,5,8,9:19
1,2,3,3,4,5,9,9:18
2,3,3,6,6,6,8,10:22
2,6,6,9,9,9,9,10:30
1,1,1,1,5,5,8,8:15
2,2,4,5,6,8,9,10:23
1,2,3,3,5,6,8,8:18
3,3,4,4,5,7,8,10:22
1,1,2,4,5,7,7,7:17
4,4,5,7,7,7,8,10:26
2,2,3,3,5,5,6,8:17
3,5,6,8,9,9,10,10:30
3,3,8,9,9,9,9,10:30
2,2,3,4,5,6,8,8:19
1,1,9,9,9,9,10,10:29
1,1,5,5,8,9,9,10:24
3,3,4,5,5,7,8,9:22
1,6,7,8,9,9,10,10:30
1,2,4,4,5,5,7,10:19
1,1,4,4,4,5,5,6:15
6,6,6,6,7,7,10,10:29
2,2,4,5,6,7,10,10:23
2,3,4,5,5,6,6,7:19
3,4,6,6,6,7,10,10:26
3,4,7,8,9,9,10,10:30
3,3,4,4,5,5,10,10:22
2,2,4,5,8,9,10,10:25
2,4,5,6,6,7,9,9:24
1,1,1,2,2,3,7,9:13
3,3,4,5,9,10,10,10:27
1,1,2,3,3,4,6,8:14
3,4,7,7,8,8,9,10:28
2,2,6,6,7,8,9,10:25
1,4,4,5,7,8,9,10:24
3,5,8,9,9,10,10,10:32
2,5,6,6,7,8,10,10:27
1,1,1,4,7,7,8,9:19
1,1,3,3,7,8,9,10:21
4,4,5,6,6,6,9,10:25
3,3,3,4,6,7,8,10:22
4,7,7,7,7,8,8,10:29
1,1,5,5,6,6,9,9:21
1,1,2,3,5,8,10,10:20
1,1,4,6,7,9,10,10:24
1,1,3,4,6,8,8,9:20
1,2,2,2,6,8,8,9:19
1,5,6,7,8,8,8,9:26
2,4,5,5,7,9,9,9:25
2,2,2,2,7,8,8,9:20
4,5,5,5,7,8,9,9:26
1,1,5,8,8,9,10,10:26
1,1,1,4,7,8,9,9:20
2,2,3,4,5,7,8,9:20
3,3,4,5,6,7,9,9:23
4,5,5,7,7,7,9,10:27
2,2,7,7,8,8,10,10:27
1,4,4,4,4,6,9,10:21
1,2,4,4,4,6,7,10:19
5,5,5,5,6,7,7,10:25
1,2,2,4,6,7,9,9:20
4,5,6,6,6,7,7,9:25
4,4,4,7,7,10,10,10:28
1,1,3,5,6,7,8,9:20
2,4,6,7,7,7,8,9:25
1,2,3,3,5,7,7,10:19
1,3,4,6,8,8,9,9:24
3,4,4,6,7,8,8,10:25
3,5,7,8,8,8,9,10:29
5,5,5,5,6,6,10,10:26
1,3,3,4,4,7,10,10:21
1,1,2,2,8,9,9,10:21
1,2,6,6,7,7,8,9:23
1,1,3,4,5,5,5,6:15
4,5,5,5,6,7,9,9:25
1,1,1,2,5,6,7,9:16
1,1,3,5,7,7,8,10:21
1,2,6,8,8,9,10,10:27
2,3,3,5,7,7,8,9:22
3,3,6,7,7,7,7,8:24
3,3,6,6,7,8,8,9:25
4,5,6,7,8,8,9,9:28
3,5,6,7,7,8,8,8:26
2,2,3,4,7,10,10,10:24
1,2,3,5,7,9,9,10:23
1,1,1,1,2,5,7,10:14
2,2,2,2,3,4,6,9:15
1,1,4,5,6,8,8,9:21
2,2,3,5,5,7,9,9:21
1,3,7,7,8,8,8,8:25
2,3,3,6,6,7,7,8:21
5,6,6,7,7,8,8,9:28
3,3,6,7,7,8,10,10:27
4,4,6,6,8,8,9,9:27
3,4,4,4,6,8,9,10:24
1,1,2,2,9,9,10,10:22
3,4,6,6,6,6,9,10:25
1,2,3,5,5,5,5,6:16
2,3,4,4,6,7,9,9:22
1,2,4,5,8,8,9,9:23
1,2,3,5,5,8,9,9:21
2,5,6,8,9,9,9,10:29
1,1,2,4,4,8,8,10:19
2,3,3,3,4,5,8,8:18
1,2,7,8,8,8,10,10:27
5,5,6,6,6,8,8,10:27
2,4,7,8,9,10,10,10:30
5,6,6,6,8,9,10,10:30
5,7,7,8,8,8,9,10:31
2,4,5,5,6,8,9,9:24
1,1,4,5,6,7,8,10:21
2,3,5,6,6,6,7,7:21
1,2,4,4,7,9,9,10:23
2,3,4,5,5,5,8,10:21
1,1,2,6,6,6,7,9:19
2,3,6,7,9,9,10,10:28
1,3,4,6,7,7,8,8:22
1,1,1,4,7,9,9,10:21
1,3,5,5,8,8,9,9:24
1,2,2,3,3,4,9,10:17
2,3,3,5,7,8,10,10:24
1,1,6,6,8,8,10,10:25
6,7,7,7,7,7,9,10:30
2,4,5,5,7,8,8,9:24
2,2,5,5,8,8,9,9:24
2,3,4,4,6,6,9,10:22
4,4,6,7,7,8,8,10:27
1,2,3,5,5,7,9,10:21
1,2,4,6,8,9,10,10:25
1,3,3,4,7,7,9,10:22
2,3,4,6,7,7,8,9:23
1,1,3,5,7,8,8,9:21
2,4,5,6,7,9,9,10:26
2,3,7,7,7,8,9,9:26
2,2,4,4,5,5,5,9:18
4,4,5,5,6,8,10,10:26
1,1,7,7,8,9,9,10:26
1,3,3,6,6,9,10,10:24
2,3,3,3,3,7,7,10:19
1,1,2,2,2,3,4,7:11
2,2,4,4,5,5,6,8:18
3,3,5,5,6,8,9,9:24
1,1,3,3,4,4,5,5:13
1,4,5,5,6,6,7,10:22
1,1,3,4,5,6,7,7:17
1,2,4,5,5,6,6,7:18
4,5,5,5,6,6,7,10:24
1,1,1,2,3,5,8,9:15
1,2,4,4,8,8,9,10:23
1,1,4,5,7,8,9,9:22
1,2,2,3,4,4,5,7:14
2,3,5,7,8,9,10,10:27
2,3,4,5,5,8,9,10:23
1,3,4,6,6,8,9,9:23
2,3,3,3,3,6,7,9:18
2,3,3,6,6,7,8,9:22
3,3,3,4,5,7,9,10:22
3,6,8,8,9,10,10,10:32
3,4,6,7,7,8,9,10:27
2,3,4,5,5,6,7,10:21
1,5,5,6,7,10,10,10:27
4,4,4,6,7,9,10,10:27
2,3,3,5,5,7,7,8:20
2,4,4,4,6,7,7,10:22
5,6,7,8,8,9,9,10:31
1,5,5,5,7,9,10,10:26
1,2,2,5,5,7,7,9:19
1,1,4,5,5,5,8,9:19
1,4,4,5,6,7,8,9:22
2,3,3,3,3,5,7,8:17
1,2,2,2,7,8,8,10:20
2,3,3,4,4,6,6,6:17
1,1,3,3,5,6,9,10:19
4,6,6,7,7,7,8,9:27
2,2,2,3,8,9,10,10:23
3,3,4,4,5,5,6,6:18
2,4,6,6,8,10,10,10:28
1,2,4,4,5,5,8,9:19
4,4,5,5,8,8,10,10:27
1,3,4,6,8,8,8,8:23
1,1,1,3,4,4,8,10:16
1,4,4,5,5,8,9,10:23
1,2,3,4,6,7,7,10:20
2,5,5,6,7,8,9,10:26
2,3,3,6,7,8,8,9:23
1,1,5,5,6,6,10,10:22
1,3,4,4,8,10,10,10:25
2,2,3,4,7,8,8,10:22
1,2,2,5,6,7,9,10:21
2,4,5,6,7,8,8,10:25
2,5,6,7,8,10,10,10:29
4,5,7,9,9,9,9,10:31
1,2,2,3,6,6,7,9:18
3,5,7,7,7,8,9,10:28
2,4,5,5,6,6,7,9:22
3,4,4,4,6,7,7,9:22
3,5,5,5,6,9,9,10:26
1,1,3,3,3,3,10,10:17
1,3,5,5,5,7,8,8:21
2,2,3,4,6,9,10,10:23
4,6,6,6,6,7,7,8:25
3,4,4,5,9,9,10,10:27
3,5,5,7,9,9,9,9:28
5,5,6,7,7,7,9,10:28
3,5,5,6,7,8,10,10:27
2,3,7,8,9,9,10,10:29
1,2,4,4,7,8,10,10:23
3,3,3,5,5,7,10,10:23
1,1,5,5,6,7,9,10:22
1,1,5,6,7,8,8,8:22
2,2,3,6,6,8,9,10:23
2,4,5,6,8,8,9,10:26
3,5,5,6,7,7,7,10:25
3,4,5,6,6,6,7,9:23
5,6,6,6,8,8,8,9:28
2,3,6,7,8,8,8,8:25
3,3,5,5,6,7,9,10:24
1,1,6,8,9,9,10,10:27
2,2,2,5,7,8,8,10:22
2,3,4,4,6,6,6,7:19
2,2,2,3,7,8,8,10:21
1,2,2,5,7,8,9,10:22
1,2,3,3,5,5,9,10:19
3,5,5,5,6,8,10,10:26
1,4,4,6,6,8,9,10:24
1,2,2,3,8,8,10,10:22
1,1,4,4,5,5,8,10:19
1,3,6,8,8,8,10,10:27
1,2,6,6,7,7,7,8:22
2,2,2,3,7,7,9,10:21
1,2,2,2,4,6,9,10:18
4,4,6,6,7,7,9,9:26
1,1,1,2,7,7,9,10:19
1,1,2,2,5,6,8,9:17
2,2,2,4,7,7,8,10:21
3,3,5,6,7,7,9,10:25
3,3,4,5,6,6,6,9:21
3,3,3,4,4,4,9,10:20
1,2,3,4,6,8,8,8:20
1,2,6,7,7,8,8,9:24
3,3,4,5,5,6,6,8:20
3,3,4,5,5,6,8,10:22
2,4,4,5,6,6,7,8:21
1,2,4,4,6,7,9,9:21
2,2,4,4,5,7,8,10:21
1,4,5,5,5,6,7,9:21
3,3,6,7,7,7,9,10:26
2,3,4,5,5,7,8,8:21
2,2,4,4,7,7,8,8:21
2,2,4,5,5,8,8,10:22
4,4,5,5,7,8,8,9:25
1,4,4,4,6,7,8,10:22
2,4,4,5,7,8,9,9:24
3,3,3,5,6,7,7,10:22
2,3,3,3,8,8,9,10:23
1,1,1,1,4,5,9,10:16
1,2,2,3,5,6,6,9:17
2,2,2,4,6,7,8,9:20
4,4,4,4,5,5,7,7:20
1,1,4,6,8,10,10,10:25
3,3,5,7,8,10,10,10:28
2,4,6,7,7,7,7,8:24
1,3,6,7,7,7,8,9:24
2,4,4,4,6,7,9,10:23
1,1,3,3,3,5,8,10:17
1,3,4,5,6,7,7,9:21
1,3,4,5,5,6,7,9:20
1,2,4,5,6,6,7,7:19
1,4,4,7,9,9,9,9:26
4,5,6,7,8,8,8,10:28
1,3,4,4,6,8,8,8:21
1,2,3,4,7,8,9,10:22
5,5,5,5,6,7,8,9:25
1,2,3,3,4,5,6,8:16
1,3,5,5,8,9,9,10:25
2,3,6,7,7,8,9,10:26
3,3,4,4,4,4,7,7:18
3,4,8,8,8,9,9,9:29
1,3,4,5,7,8,8,10:23
2,2,3,4,5,5,7,8:18
1,2,7,7,8,8,8,9:25
3,3,4,5,5,8,8,10:23
1,1,1,3,3,4,6,9:14
1,4,4,6,6,6,7,8:21
2,3,3,4,4,4,6,8:17
1,1,2,3,6,7,8,8:18
2,2,3,4,5,6,9,9:20
3,4,4,5,6,7,7,10:23
1,2,2,2,5,6,8,8:17
1,1,1,3,4,5,9,10:17
3,6,6,7,8,8,8,8:27
1,6,6,7,7,7,8,10:26
1,1,5,7,8,8,8,10:24
2,2,4,6,6,6,6,8:20
2,3,6,8,8,9,10,10:28
2,3,3,4,4,6,7,9:19
4,5,6,7,7,7,9,9:27
4,6,7,7,8,10,10,10:31
3,4,4,4,7,7,8,9:23
1,2,4,4,5,5,9,10:20
1,2,3,3,8,9,10,10:23
1,4,4,5,8,8,9,9:24
1,1,4,6,6,6,7,9:20
2,2,2,2,3,3,4,6:12
1,1,2,6,7,9,10,10:23
1,1,5,7,8,10,10,10:26
1,1,2,2,3,4,7,8:14
3,3,6,7,7,8,8,10:26
2,6,6,6,8,8,10,10:28
1,3,4,4,6,7,9,10:22
2,3,3,3,4,5,7,7:17
3,4,4,5,5,6,7,8:21
1,2,4,5,5,5,7,9:19
2,5,6,6,6,6,7,8:23
1,5,6,6,7,8,9,10:26
1,1,1,3,4,4,7,9:15
1,2,3,4,5,9,10,10:22
1,2,3,4,6,6,9,9:20
2,4,4,4,5,5,10,10:22
2,2,6,6,8,9,9,10:26
2,2,4,5,7,8,9,9:23
1,1,2,4,4,5,6,9:16
1,2,3,3,3,3,6,7:14
1,1,3,5,5,7,9,9:20
5,7,7,8,8,8,8,9:30
1,4,5,5,6,7,7,7:21
2,6,6,8,8,10,10,10:30
1,3,4,4,4,5,5,6:16
1,1,4,5,5,6,7,9:19
2,4,5,5,6,8,10,10:25
3,4,6,6,8,8,8,9:26
3,3,4,5,5,8,9,9:23
4,4,4,5,7,8,9,9:25
1,2,4,5,5,6,9,10:21
2,3,3,5,7,7,7,8:21
2,2,2,3,8,9,9,9:22
1,3,7,7,8,8,8,10:26
1,3,7,8,8,9,10,10:28
5,6,6,7,7,7,9,9:28
1,2,3,3,5,6,10,10:20
1,2,2,3,7,7,8,8:19
2,3,5,5,5,5,8,9:21
2,3,3,4,9,9,10,10:25
1,3,3,5,5,6,7,8:19
6,6,7,8,8,9,9,9:31
3,5,5,5,6,8,8,8:24
1,2,4,4,5,6,6,8:18
1,2,3,4,5,6,6,9:18
2,2,3,6,7,9,9,10:24
1,2,2,3,4,4,6,8:15
6,7,8,8,9,9,9,10:33
1,1,1,2,3,4,5,7:12
1,1,4,6,9,9,10,10:25
1,2,2,6,6,8,8,9:21
1,1,2,3,4,6,8,9:17
3,3,6,6,7,7,7,9:24
1,2,4,4,5,7,9,10:21
3,5,5,6,7,7,9,10:26
1,3,5,5,6,6,6,8:20
1,2,2,5,6,8,10,10:22
2,3,3,4,5,6,6,7:18
1,2,3,5,5,6,8,8:19
2,3,3,5,5,5,5,8:18
3,4,5,7,7,8,9,9:26
2,2,4,4,4,5,8,9:19
1,3,4,4,5,6,8,9:20
1,2,4,5,7,7,9,9:22
3,3,4,7,7,7,8,9:24
1,2,8,8,9,9,9,10:28
3,3,5,6,6,7,7,7:22
3,4,7,7,7,7,8,9:26
1,2,3,3,4,6,6,7:16
1,2,5,6,8,8,8,10:24
1,1,3,3,3,5,5,7:14
3,5,6,7,9,10,10,10:30
2,3,3,4,5,5,5,9:18
4,6,8,8,8,8,9,9:30
2,4,5,5,6,8,8,8:23
4,4,6,7,7,7,8,9:26
3,3,5,6,9,9,9,10:27
2,4,4,7,8,9,9,9:26
1,1,3,4,6,7,10,10:21
2,2,3,3,4,4,5,7:15
3,5,5,7,8,8,8,10:27
2,2,3,3,3,5,8,10:18
1,2,3,5,6,6,7,8:19
1,2,7,8,9,9,10,10:28
2,4,4,6,6,9,9,10:25
1,2,3,3,3,4,5,5:13
2,2,3,5,8,8,8,10:23
1,3,3,4,5,5,7,8:18
6,6,7,8,9,9,9,10:32
3,4,4,5,6,7,9,10:24
1,3,5,6,7,10,10,10:26
2,4,4,4,7,8,9,10:24
2,4,7,7,7,9,10,10:28
3,5,6,6,6,9,9,10:27
2,6,7,8,9,9,9,10:30
1,3,4,7,7,8,9,9:24
3,4,4,5,7,7,10,10:25
4,4,8,9,9,10,10,10:32
1,1,1,3,3,6,8,9:16
1,4,5,5,7,8,9,9:24
2,4,6,7,7,7,9,10:26
3,3,4,4,4,4,7,9:19
3,4,4,4,7,7,9,10:24
1,3,4,4,6,7,8,9:21
1,3,3,4,7,8,8,8:21
3,3,4,6,7,8,8,9:24
2,4,6,7,8,8,8,9:26
2,3,4,6,6,6,6,9:21
1,1,1,4,7,8,8,10:20
1,1,2,2,6,6,10,10:19
3,5,5,6,6,7,7,7:23
2,3,3,3,7,7,8,9:21
1,2,4,5,6,7,8,9:21
3,5,6,6,8,9,9,10:28
2,2,3,5,6,8,8,10:22
1,2,4,4,5,6,8,8:19
1,4,5,6,7,8,8,9:24
1,2,4,4,8,8,8,9:22
1,5,6,8,8,9,9,10:28
4,5,6,6,8,9,9,9:28
3,5,5,6,6,7,10,10:26
1,2,5,5,7,8,9,9:23
1,3,3,5,6,7,7,10:21
1,2,2,3,5,7,10,10:20
1,1,2,5,7,8,9,9:21
4,5,6,7,7,7,8,10:27
1,4,4,5,5,7,8,10:22
2,2,4,4,7,8,9,10:23
2,4,4,5,5,6,8,10:22
4,4,6,6,6,6,7,9:24
1,3,4,4,4,6,9,9:20
1,2,4,5,9,9,10,10:25
1,3,4,4,5,7,7,9:20
3,3,4,6,7,8,9,10:25
3,3,4,6,6,7,7,10:23
2,3,6,7,7,7,8,10:25
1,3,4,5,8,9,10,10:25
3,5,5,5,6,7,7,8:23
2,3,4,4,4,5,7,7:18
3,3,4,4,4,7,9,10:22
1,1,2,4,5,8,9,10:20
3,4,4,5,7,8,8,9:24
2,4,6,6,7,8,9,10:26
1,2,2,3,4,5,9,10:18
1,1,2,2,5,6,6,9:16
1,2,3,4,5,5,5,9:17
3,5,5,8,9,10,10,10:30
3,5,5,6,6,6,7,8:23
2,2,3,4,8,9,10,10:24
1,1,8,8,10,10,10,10:29
2,4,5,8,8,8,9,10:27
3,5,5,7,7,8,9,10:27
2,4,8,9,9,10,10,10:31
4,5,6,7,8,9,9,10:29
4,5,5,6,7,7,7,9:25
2,3,5,7,7,8,8,10:25
1,5,6,6,6,6,8,8:23
3,4,5,6,7,7,8,10:25
1,3,6,6,7,8,8,9:24
2,4,6,6,6,7,7,8:23
1,4,4,4,6,8,8,9:22
1,2,3,4,4,5,9,10:19
1,4,5,5,8,9,10,10:26
2,2,5,5,6,6,7,7:20
3,4,4,5,5,6,6,7:20
2,2,3,3,5,7,9,9:20
2,2,2,3,4,5,9,9:18
1,5,5,5,6,10,10,10:26
1,2,2,3,4,6,8,10:18
1,4,6,6,7,8,8,10:25
2,4,5,5,5,6,8,9:22
2,3,3,7,8,9,10,10:26
1,2,5,5,5,5,6,7:18
2,5,6,8,8,9,10,10:29
1,2,3,4,4,5,8,9:18
1,1,2,3,3,6,8,10:17
1,2,4,4,5,10,10,10:23
1,2,2,3,6,7,9,10:20
2,2,4,4,9,9,10,10:25
1,1,3,5,7,9,10,10:23
2,2,3,5,6,6,6,8:19
5,5,6,6,7,7,8,10:27
2,5,6,6,8,8,9,10:27
3,4,6,6,8,8,9,10:27
2,2,2,3,6,7,10,10:21
1,2,3,5,7,8,8,10:22
2,7,7,8,9,9,10,10:31
2,5,5,5,6,7,7,7:22
4,4,5,7,8,9,9,10:28
4,6,6,7,8,9,10,10:30
3,3,4,4,7,8,8,9:23
3,4,6,7,9,9,10,10:29
1,1,2,3,3,5,5,10:15
1,1,2,2,3,5,5,9:14
4,6,7,8,8,9,9,9:30
1,1,1,4,5,7,9,10:19
2,3,3,5,5,7,9,10:22
1,2,5,6,6,7,9,10:23
3,4,5,5,7,8,9,9:25
1,2,3,4,4,4,6,6:15
1,3,4,4,5,7,10,10:22
1,3,5,6,6,8,9,10:24
1,1,6,7,9,9,9,10:26
1,2,3,3,7,8,8,8:20
4,5,5,5,6,7,7,7:23
2,2,4,5,6,6,8,9:21
1,2,2,2,5,7,9,10:19
1,2,2,3,7,8,8,9:20
1,6,6,8,8,9,10,10:29
4,4,5,7,7,9,9,9:27
1,3,5,5,7,7,8,10:23
2,3,3,4,5,7,10,10:22
2,3,3,4,8,9,9,10:24
1,2,3,4,8,8,9,9:22
1,2,3,6,6,7,7,8:20
3,4,6,6,7,8,9,9:26
3,4,4,5,6,6,8,8:22
1,1,5,6,6,6,7,8:20
4,4,5,7,7,7,8,8:25
1,1,4,5,5,5,9,10:20
1,2,3,3,3,4,7,7:15
2,4,4,4,5,5,7,9:20
2,4,4,6,7,7,8,8:23
1,4,5,7,8,9,10,10:27
1,2,5,7,8,9,9,9:25
1,2,4,7,8,10,10,10:26
1,1,2,3,5,5,8,9:17
2,4,5,7,8,8,10,10:27
1,2,6,6,6,7,10,10:24
1,2,3,5,6,7,10,10:22
1,3,3,4,7,8,9,9:22
1,1,2,2,3,3,3,5:10
1,2,2,3,6,7,7,8:18
1,2,4,4,4,5,10,10:20
2,3,7,7,9,9,9,10:28
1,3,5,5,6,8,8,8:22
2,3,4,6,7,8,9,9:24
2,3,3,6,6,8,9,9:23
2,3,6,7,7,8,8,9:25
1,2,2,3,6,8,9,9:20
2,3,3,7,7,9,9,10:25
3,3,5,5,7,7,8,10:24
2,3,3,3,4,4,9,10:19
2,2,5,6,6,7,7,9:22
2,3,4,4,6,7,8,10:22
2,2,2,4,4,5,6,9:17
1,4,4,4,5,6,6,8:19
1,1,3,4,7,8,9,9:21
1,2,4,5,5,5,8,10:20
1,2,5,5,6,7,8,8:21
2,3,5,6,7,7,8,8:23
3,5,5,5,5,6,9,10:24
1,1,1,4,4,6,7,8:16
2,3,3,5,5,6,6,8:19
2,2,4,4,7,7,10,10:23
1,2,3,5,6,7,9,9:21
1,3,4,4,5,6,7,8:19
1,2,2,6,7,8,8,10:22
4,4,6,6,7,8,9,10:27
2,3,6,6,7,8,9,9:25
1,2,2,3,4,4,8,10:17
1,3,4,8,9,9,10,10:27
1,1,1,2,3,4,8,10:15
1,4,4,6,8,9,10,10:26
3,3,3,4,5,8,8,10:22
1,3,3,6,7,7,8,9:22
1,2,3,3,3,4,7,9:16
2,3,6,7,7,9,9,9:26
1,3,3,4,4,7,8,8:19
2,3,3,5,6,8,9,10:23
1,2,2,3,4,6,8,8:17
1,2,4,5,5,7,7,9:20
1,1,1,3,4,5,7,10:16
2,3,8,9,9,9,10,10:30
2,2,3,3,5,7,8,10:20
1,1,1,2,5,5,5,6:13
2,2,2,4,6,8,10,10:22
2,4,5,6,9,10,10,10:28
2,2,5,6,8,9,10,10:26
1,2,4,6,7,9,9,10:24
2,3,3,4,5,5,6,6:17
1,1,1,4,5,6,7,9:17
1,1,1,4,4,5,6,6:14
2,2,2,2,4,4,10,10:18
4,4,7,7,7,8,8,9:27
4,8,8,9,9,10,10,10:34
1,6,6,6,7,8,10,10:27
1,4,5,8,10,10,10,10:29
3,4,5,5,5,7,9,10:24
3,3,4,4,5,6,7,10:21
3,3,4,4,6,7,9,10:23
4,5,6,6,6,7,9,9:26
1,1,2,2,4,4,9,9:16
3,4,7,8,8,8,9,9:28
1,4,5,7,9,9,9,10:27
3,5,5,6,7,10,10,10:28
1,2,2,3,6,7,8,9:19
1,1,2,4,6,7,8,9:19
2,2,3,5,8,10,10,10:25
1,1,1,1,6,7,9,10:18
1,3,4,5,6,7,8,8:21
1,1,2,2,7,8,9,10:20
1,2,2,3,3,4,5,6:13
1,1,4,4,5,6,9,10:20
1,1,4,4,6,6,10,10:21
3,3,3,4,9,10,10,10:26
5,5,6,6,6,6,7,9:25
2,6,6,6,7,8,9,10:27
4,4,5,5,6,6,6,8:22
4,5,5,5,5,5,8,9:23
1,1,2,2,4,4,7,7:14
1,2,3,5,7,8,9,9:22
3,4,4,4,5,8,8,10:23
1,1,2,4,6,8,8,10:20
3,3,4,4,6,7,8,9:22
3,4,5,7,8,9,10,10:28
2,3,3,4,6,6,7,7:19
1,1,3,5,6,6,8,10:20
5,6,7,7,8,9,10,10:31
2,3,5,5,6,6,9,10:23
1,2,4,4,7,7,8,9:21
4,7,8,9,9,9,10,10:33
3,3,4,5,6,8,9,10:24
2,4,5,5,6,9,9,10:25
3,3,4,5,5,7,7,8:21
2,4,6,7,7,8,9,9:26
1,1,3,5,5,8,9,10:21
1,1,3,5,7,7,8,8:20
1,3,5,6,8,9,9,9:25
4,4,4,5,6,8,8,9:24
1,2,3,3,6,6,8,9:19
2,3,5,6,7,8,9,10:25
2,3,4,4,5,6,7,7:19
2,2,4,7,7,7,7,10:23
2,3,5,5,5,6,6,8:20
1,2,4,4,7,8,8,8:21
1,1,3,3,4,4,8,10:17
5,6,6,6,9,10,10,10:31
6,6,6,8,8,10,10,10:32
3,3,3,4,6,7,9,9:22
1,1,3,3,5,5,5,5:14
4,4,6,7,7,7,9,10:27
1,1,1,1,5,5,10,10:17
1,4,5,5,7,9,9,10:25
1,4,6,6,7,8,9,9:25
2,5,5,7,8,8,8,9:26
1,2,7,7,7,8,10,10:26
1,5,6,6,7,8,8,9:25
1,2,5,5,8,8,8,9:23
1,2,7,7,7,7,9,10:25
2,3,4,4,5,7,9,10:22
3,3,4,4,4,4,6,6:17
6,6,6,6,8,8,8,8:28
4,6,7,7,8,8,10,10:30
6,6,8,9,9,10,10,10:34
3,5,5,5,7,7,8,8:24
3,4,7,8,8,8,10,10:29
2,5,7,8,8,10,10,10:30
2,3,4,4,5,7,7,8:20
2,2,2,4,7,8,9,10:22
2,4,7,8,8,8,8,9:27
2,2,5,5,8,8,10,10:25
1,4,5,6,6,6,7,9:22
2,4,4,6,7,7,9,9:24
2,2,3,3,6,6,6,8:18
2,2,5,5,5,6,9,10:22
2,3,3,3,6,6,9,10:21
1,1,4,5,5,6,10,10:21
2,2,3,4,4,6,6,7:17
1,2,2,4,5,5,6,9:17
2,3,5,5,6,7,10,10:24
1,1,3,4,8,8,9,10:22
3,5,6,6,9,9,10,10:29
1,2,6,6,7,8,10,10:25
3,5,6,6,6,6,6,8:23
3,3,6,7,8,9,10,10:28
1,1,2,4,6,6,6,8:17
2,3,4,5,6,10,10,10:25
3,4,5,6,7,9,10,10:27
1,3,4,4,5,5,8,8:19
1,1,2,4,5,6,6,7:16
1,1,1,3,4,5,5,6:13
4,5,5,6,7,8,8,9:26
3,6,6,9,10,10,10,10:32
5,5,6,6,7,9,10,10:29
1,3,4,4,6,7,7,10:21
1,3,3,6,7,8,10,10:24
3,4,6,7,7,9,10,10:28
1,2,2,5,5,5,6,10:18
1,2,3,4,6,9,9,10:22
4,5,6,6,7,8,9,9:27
1,1,4,4,6,6,8,8:19
2,3,3,3,7,9,9,10:23
1,1,2,2,8,8,9,9:20
1,2,3,4,7,7,8,10:21
1,1,2,2,3,5,6,6:13
1,2,3,4,5,5,6,10:18
2,3,4,7,7,9,10,10:26
1,2,4,5,5,5,6,8:18
1,1,6,6,7,8,9,10:24
1,1,3,4,5,7,8,9:19
5,6,7,7,8,8,8,9:29
1,3,3,4,5,7,9,10:21
3,3,5,6,6,6,7,8:22
2,2,3,4,5,7,7,10:20
3,4,6,7,7,9,9,9:27
3,3,4,4,5,6,6,7:19
1,1,3,3,5,6,8,9:18
4,6,6,8,9,9,9,9:30
1,3,3,4,6,8,9,10:22
2,3,7,8,8,10,10,10:29
5,5,6,7,7,7,7,10:27
2,2,2,6,7,7,8,10:22
2,2,3,4,5,5,6,9:18
3,3,4,5,5,8,10,10:24
2,4,4,5,6,7,8,10:23
4,7,7,8,8,8,10,10:31
1,1,2,3,3,5,7,10:16
1,2,6,7,8,8,10,10:26
2,4,6,6,6,7,9,10:25
1,4,5,5,6,9,10,10:25
2,2,5,7,8,9,9,10:26
2,5,5,6,6,8,9,9:25
1,2,3,3,5,6,6,8:17
2,2,2,5,5,5,7,10:19
1,3,3,4,6,7,7,9:20
6,7,8,9,9,9,10,10:34
1,4,5,6,6,7,8,9:23
2,2,5,8,8,9,10,10:27
1,1,1,4,5,7,8,9:18
3,3,3,4,6,7,10,10:23
1,1,1,5,6,8,8,10:20
3,3,9,9,9,9,10,10:31
2,4,6,6,8,9,9,10:27
1,2,4,4,5,6,7,7:18
2,3,8,8,8,9,9,9:28
2,3,3,3,7,8,10,10:23
1,3,4,4,4,6,6,6:17
2,4,4,7,7,8,10,10:26
1,1,2,3,6,6,9,10:19
3,4,4,5,5,8,9,10:24
1,3,7,7,8,8,9,9:26
2,3,5,5,5,6,8,10:22
1,4,5,5,5,5,7,10:21
1,1,3,3,5,5,7,7:16
1,2,3,6,7,8,9,10:23
4,4,6,6,7,8,8,9:26
1,2,5,5,6,7,10,10:23
5,5,8,8,10,10,10,10:33
1,2,3,5,5,8,8,10:21
1,1,2,6,7,8,9,10:22
1,2,2,4,5,8,8,8:19
2,3,3,4,4,5,7,10:19
2,2,3,4,4,4,7,8:17
1,2,2,6,6,9,10,10:23
2,3,4,4,4,4,6,9:18
1,2,3,4,5,6,9,10:20
2,5,6,6,6,7,8,10:25
1,2,2,4,4,6,6,9:17
3,7,8,8,8,9,9,10:31
1,2,3,4,4,5,5,6:15
2,2,3,5,6,6,7,7:19
1,1,2,4,5,6,8,9:18
1,1,1,2,2,4,7,8:13
3,5,5,5,6,7,9,10:25
1,1,6,6,9,9,10,10:26
2,5,6,7,8,8,8,10:27
1,4,4,5,6,7,9,10:23
3,4,4,4,4,5,9,9:21
1,6,6,8,9,10,10,10:30
4,5,6,7,8,10,10,10:30
1,4,6,6,7,9,9,10:26
3,3,7,8,8,8,9,10:28
3,4,5,6,6,7,7,10:24
1,1,2,3,3,3,8,9:15
1,1,8,8,8,8,9,9:26
6,6,7,7,7,8,9,10:30
1,2,3,3,5,6,7,9:18
1,3,3,3,3,6,7,8:17
1,1,3,4,7,7,8,9:20
1,2,7,7,7,9,9,10:26
1,1,2,5,5,8,10,10:21
1,2,4,4,4,5,6,8:17
2,2,2,2,7,8,9,10:21
3,4,5,6,9,9,10,10:28
2,3,7,7,8,9,10,10:28
2,2,7,8,9,10,10,10:29
1,2,5,7,7,8,8,8:23
1,1,4,4,5,5,6,6:16
1,1,2,2,7,9,10,10:21
2,3,3,4,6,6,7,9:20
5,6,6,7,7,8,9,10:29
2,3,4,4,6,6,7,8:20
1,4,5,7,8,8,8,9:25
2,4,5,8,9,9,9,10:28
1,2,2,3,5,6,6,7:16
1,2,4,6,6,7,8,8:21
1,2,2,3,7,7,9,9:20
3,6,6,7,7,8,9,10:28
1,1,3,3,4,7,9,10:19
2,3,3,4,5,8,8,9:21
3,6,7,10,10,10,10,10:33
1,3,4,6,7,7,8,10:23
2,3,5,5,7,8,8,8:23
1,2,3,4,7,7,10,10:22
3,4,5,6,8,9,9,10:27
1,4,4,7,8,8,10,10:26
1,2,3,4,4,4,8,10:18
1,1,2,3,4,4,8,9:16
1,1,2,5,6,6,7,8:18
4,7,7,8,9,9,10,10:32
2,4,4,5,5,7,9,10:23
3,4,4,5,6,6,6,8:21
2,4,6,6,9,9,10,10:28
5,6,7,8,8,8,10,10:31
1,2,2,2,3,6,8,10:17
2,5,5,5,6,9,9,9:25
5,5,6,8,8,10,10,10:31
2,2,5,6,7,7,8,9:23
1,2,3,4,4,4,10,10:19
2,3,6,6,6,8,8,9:24
3,3,5,6,8,9,10,10:27
4,4,5,6,6,6,7,8:23
5,6,7,7,9,9,9,10:31
1,2,3,3,5,5,6,7:16
1,2,3,3,3,3,7,10:16
1,2,4,5,5,7,8,10:21
1,1,3,4,6,6,7,8:18
1,1,1,2,5,5,9,10:17
1,2,7,7,8,9,9,9:26
3,4,6,6,8,9,10,10:28
1,2,8,8,9,10,10,10:29
2,2,4,4,4,6,8,10:20
1,2,2,3,4,7,7,8:17
1,2,3,3,3,3,6,9:15
1,1,3,3,5,5,6,8:16
6,6,9,9,9,9,10,10:34
4,5,5,6,8,8,9,9:27
2,2,5,8,8,8,9,10:26
2,3,3,4,7,8,9,10:23
2,2,3,4,6,7,9,9:21
2,3,3,3,5,5,7,8:18
2,2,2,3,3,4,10,10:18
1,5,5,5,6,8,9,9:24
1,4,4,5,6,6,7,9:21
3,6,7,9,9,10,10,10:32
1,1,2,5,7,9,9,10:22
2,5,5,7,7,8,10,10:27
1,4,4,4,5,7,7,8:20
3,4,5,5,6,7,8,10:24
1,2,7,7,9,10,10,10:28
2,3,4,6,6,7,10,10:24
1,3,5,7,7,8,8,9:24
3,3,4,5,6,7,10,10:24
1,1,1,3,5,7,9,9:18
2,2,5,6,6,7,8,8:22
3,4,6,7,8,8,10,10:28
1,1,4,7,8,8,9,10:24
1,3,3,6,7,7,7,8:21
3,3,4,4,5,6,8,9:21
1,3,6,6,8,8,8,10:25
2,3,6,6,6,7,10,10:25
1,1,2,3,6,7,7,7:17
3,3,4,5,6,8,8,9:23
2,4,5,5,5,6,6,9:21
1,1,3,4,5,6,8,8:18
3,3,3,3,9,9,10,10:25
3,4,5,6,7,8,9,10:26
3,4,4,6,6,7,8,8:23
5,6,7,7,7,8,10,10:30
2,2,3,5,6,7,8,9:21
1,4,7,7,7,8,8,10:26
3,3,5,6,7,9,9,10:26
1,1,1,2,5,6,8,10:17
1,1,4,4,4,6,7,9:18
3,3,3,3,5,6,9,10:21
1,2,5,6,8,8,9,9:24
1,1,2,2,2,3,5,6:11
1,5,6,7,7,8,8,10:26
1,4,4,7,10,10,10,10:28
3,6,7,8,8,9,9,10:30
1,3,6,6,7,9,10,10:26
4,4,6,6,6,7,9,10:26
3,4,4,5,6,6,7,9:22
2,3,5,7,8,8,8,9:25
3,3,5,5,7,8,9,10:25
1,2,2,4,4,6,9,10:19
2,4,5,7,7,7,8,8:24
1,4,4,5,8,8,8,10:24
2,2,2,6,6,10,10,10:24
1,1,2,3,4,5,7,7:15
1,1,1,2,4,5,6,8:14
2,4,4,5,8,8,8,9:24
3,3,5,5,8,9,9,10:26
2,3,5,5,6,8,8,9:23
1,1,4,4,4,5,8,9:18
1,2,4,4,5,8,8,10:21
2,2,3,6,7,8,9,9:23
2,4,7,7,8,8,9,9:27
1,1,2,2,4,6,6,8:15
1,4,5,5,6,7,8,8:22
4,4,5,5,8,10,10,10:28
2,3,4,5,6,7,7,8:21
4,5,6,7,7,9,10,10:29
2,2,3,4,8,8,9,10:23
1,3,4,7,8,8,8,9:24
4,4,5,6,8,9,10,10:28
3,4,4,4,5,5,8,9:21
1,2,3,4,5,6,6,7:17
3,4,8,8,9,9,9,10:30
2,2,2,4,6,9,9,10:22
1,3,7,7,7,8,8,9:25
2,2,2,3,5,5,9,10:19
2,2,4,5,8,8,8,9:23
2,3,4,5,5,6,8,9:21
3,5,6,8,8,9,9,10:29
4,4,5,6,9,9,9,10:28
2,2,3,3,9,9,10,10:24
2,3,4,6,7,7,7,8:22
4,6,6,7,8,8,9,10:29
2,2,6,6,6,7,9,10:24
2,2,3,3,4,4,5,5:14
5,5,8,8,8,8,10,10:31
3,5,6,6,6,7,8,9:25
1,3,6,6,7,7,8,10:24
2,2,2,3,4,4,9,10:18
2,2,3,3,4,5,5,8:16
1,1,2,2,2,3,6,7:12
1,2,5,6,7,7,8,8:22
3,7,8,8,9,9,10,10:32
2,3,5,6,6,8,9,9:24
1,2,5,6,7,9,9,9:24
1,2,2,2,8,9,9,9:21
1,2,6,7,7,8,9,10:25
3,3,3,6,6,9,10,10:25
1,2,3,3,6,7,9,9:20
1,3,4,7,7,7,7,8:22
1,4,4,4,6,6,7,10:21
2,3,5,7,7,10,10,10:27
2,4,5,5,6,6,8,10:23
2,2,4,5,7,8,10,10:24
2,2,3,5,5,7,10,10:22
4,5,7,7,7,7,8,9:27
1,2,3,5,9,9,9,10:24
1,2,2,3,4,5,7,10:17
2,2,4,6,7,8,9,10:24
1,1,5,7,8,9,9,10:25
1,1,4,5,6,7,8,8:20
1,3,4,6,6,7,8,9:22
2,2,2,4,6,6,6,8:18
1,2,2,3,6,9,9,10:21
2,3,4,5,7,8,8,9:23
1,3,6,6,6,6,8,10:23
1,3,4,4,7,7,8,10:22
3,3,5,6,8,8,8,9:25
1,1,6,6,7,7,9,9:23
1,1,3,4,4,9,9,9:20
1,1,2,2,3,4,4,9:13
7,7,7,8,8,9,9,9:32
2,3,4,5,7,7,8,8:22
2,3,3,5,6,7,8,10:22
2,2,5,6,7,8,8,8:23
1,2,4,6,7,8,10,10:24
1,3,3,5,6,6,7,7:19
1,2,3,4,4,6,6,8:17
2,4,5,5,7,9,10,10:26
1,2,5,6,7,7,7,9:22
3,4,7,7,8,9,10,10:29
8,8,8,9,9,10,10,10:36
1,2,3,4,5,6,7,10:19
3,4,4,5,7,7,8,8:23
1,2,2,3,4,6,10,10:19
3,3,4,7,8,9,10,10:27
1,2,3,3,5,5,7,8:17
1,1,8,8,8,9,9,10:27
1,1,1,4,7,10,10,10:22
1,2,4,4,6,6,9,10:21
1,3,4,7,7,7,9,10:24
2,3,4,4,5,6,7,9:20
3,4,6,6,7,8,10,10:27
4,5,7,8,8,8,9,9:29
5,5,5,5,5,6,6,7:22
2,2,3,5,7,8,9,10:23
2,2,2,3,3,4,4,6:13
1,1,2,4,5,6,7,8:17
1,4,4,4,5,5,7,10:20
2,2,3,4,6,7,8,10:21
5,7,7,7,9,9,10,10:32
1,2,2,3,5,8,9,10:20
1,3,6,7,8,8,9,10:26
2,3,5,7,7,7,7,8:23
1,1,1,2,4,6,8,9:16
2,2,2,2,5,6,9,10:19
2,4,4,6,7,8,9,10:25
1,1,5,5,8,8,10,10:24
7,8,8,8,9,10,10,10:35
2,4,5,6,8,8,8,9:25
3,4,5,6,7,7,9,9:25
1,2,8,9,9,9,10,10:29
4,5,5,5,6,6,7,8:23
1,1,1,3,6,7,9,10:19
1,5,7,7,7,8,9,10:27
1,2,4,7,7,8,8,9:23
1,4,5,5,5,6,6,10:21
2,3,5,8,8,8,9,9:26
2,3,4,5,7,7,10,10:24
3,4,4,5,5,5,8,8:21
3,6,6,7,7,9,9,9:28
1,2,3,3,7,7,7,8:19
1,2,2,4,7,8,8,8:20
3,4,4,5,6,8,10,10:25
5,6,8,9,9,9,10,10:33
1,2,3,5,6,7,7,9:20
5,6,6,7,7,9,10,10:30
2,4,4,6,6,7,7,10:23
1,1,2,3,3,4,5,9:14
3,5,5,6,8,8,8,9:26
1,2,3,3,7,8,9,9:21
1,2,3,4,4,4,6,10:17
2,2,3,3,6,7,9,10:21
1,2,5,5,5,7,9,10:22
5,6,9,9,9,10,10,10:34
2,3,4,5,6,7,8,9:22
1,3,4,5,6,7,8,10:22
1,2,4,5,6,6,8,10:21
1,3,5,5,5,5,7,9:20
1,1,2,2,4,5,8,9:16
1,1,3,4,8,9,10,10:23
1,1,2,4,6,6,8,10:19
1,2,3,3,6,9,10,10:22
1,2,2,2,3,4,8,10:16
1,1,1,3,7,7,8,10:19
1,3,4,4,6,6,7,9:20
1,2,2,2,3,3,8,9:15
2,3,6,8,9,10,10,10:29
1,1,2,6,6,9,9,10:22
1,1,1,3,8,9,9,10:21
2,2,6,6,7,7,10,10:25
1,1,5,5,6,6,7,9:20
4,4,5,5,8,8,9,9:26
2,3,3,3,9,9,9,10:24
2,3,4,6,6,6,8,9:22
2,2,2,2,6,7,7,8:18
2,4,4,5,5,6,7,7:20
1,3,3,3,5,5,8,10:19
3,3,3,3,4,5,8,9:19
3,5,6,6,7,7,8,8:25
2,3,3,5,6,7,8,8:21
1,3,7,7,8,10,10,10:28
1,1,2,2,3,5,6,8:14
2,2,3,3,4,5,5,10:17
1,1,2,3,5,6,6,8:16
1,2,2,4,4,4,9,10:18
2,3,4,4,5,7,8,9:21
1,4,4,4,4,6,8,9:20
1,2,4,5,5,6,6,9:19
1,5,6,6,7,7,7,9:24
1,4,4,4,5,6,6,10:20
1,1,2,2,4,5,7,8:15
3,3,3,3,3,6,7,10:19
3,3,6,8,8,8,9,9:27
2,6,6,6,7,9,10,10:28
2,5,5,6,6,10,10,10:27
1,3,4,5,5,5,6,9:19
3,4,4,5,8,8,8,10:25
1,1,4,4,7,7,10,10:22
4,6,6,6,7,9,10,10:29
7,7,9,9,9,9,10,10:35
1,1,3,3,5,6,6,9:17
5,5,5,6,8,9,10,10:29
2,2,3,4,4,6,6,9:18
1,4,5,7,8,9,9,9:26
4,4,6,7,8,9,10,10:29
1,1,3,3,7,7,8,8:19
1,1,2,5,6,6,7,10:19
2,3,5,5,7,7,9,10:24
1,3,3,6,6,8,9,10:23
3,3,6,6,6,7,8,9:24
3,4,5,6,8,10,10,10:28
3,4,4,5,5,6,9,10:23
2,3,3,5,8,9,10,10:25
4,4,7,7,8,8,10,10:29
6,6,6,8,8,9,9,10:31
2,4,5,7,8,8,9,9:26
4,4,5,6,7,7,9,10:26
6,7,8,9,10,10,10,10:35
4,6,8,8,9,9,10,10:32
1,3,4,4,4,5,7,8:18
4,5,6,7,7,7,8,8:26
1,2,4,4,5,6,10,10:21
1,2,4,4,4,4,6,7:16
3,3,4,4,4,4,10,10:21
2,4,4,4,5,5,7,7:19
2,4,7,9,9,9,9,9:29
1,3,4,4,6,8,9,9:22
2,2,2,4,4,6,6,6:16
1,2,4,4,5,5,7,8:18
1,1,1,2,6,7,8,10:18
2,2,4,4,7,7,7,7:20
2,3,4,5,6,7,9,10:23
2,4,5,6,7,10,10,10:27
1,2,6,6,7,8,9,9:24
2,2,5,5,7,7,10,10:24
2,4,6,6,7,7,8,8:24
2,4,4,6,9,9,9,9:26
2,2,2,5,7,9,9,10:23
3,4,5,5,7,8,8,10:25
1,2,3,3,7,8,8,10:21
3,3,5,7,8,8,9,9:26
2,4,4,5,6,7,9,9:23
3,4,5,5,6,6,7,10:23
1,2,4,5,7,9,9,9:23
1,1,2,2,9,9,9,9:21
2,5,5,7,8,9,10,10:28
1,5,6,7,8,8,9,10:27
1,2,3,3,5,7,8,9:19
4,5,7,8,9,9,10,10:31
2,2,4,5,6,7,8,8:21
2,3,4,4,7,8,8,10:23
2,2,5,5,7,7,9,9:23
1,1,6,7,9,10,10,10:27
2,5,5,6,6,6,7,9:23
6,6,6,7,9,10,10,10:32
1,4,5,6,6,8,10,10:25
2,3,4,4,4,6,7,8:19
2,2,6,6,8,8,9,9:25
1,2,3,4,5,5,7,9:18
2,3,4,5,6,6,8,10:22
1,4,5,6,6,7,9,10:24
2,2,5,6,6,8,8,9:23
1,2,5,6,6,6,7,7:20
1,2,2,6,6,7,9,9:21
2,2,4,7,7,8,8,10:24
4,6,7,8,8,8,9,10:30
2,3,4,6,6,9,10,10:25
1,3,3,4,4,4,9,10:19
1,2,3,6,6,7,8,9:21
4,5,8,9,9,9,10,10:32
1,2,3,3,3,6,7,9:17
1,2,3,4,7,7,7,7:19
1,1,4,4,6,6,9,9:20
4,4,6,6,7,7,8,8:25
2,4,5,7,9,9,10,10:28
2,2,4,5,5,6,10,10:22
3,3,4,5,5,5,6,7:19
1,3,3,3,9,9,10,10:24
1,2,5,5,5,6,10,10:22
7,7,7,8,8,8,9,10:32
4,4,6,7,9,9,9,10:29
1,1,3,4,9,10,10,10:24
1,2,3,4,5,6,8,9:19
1,1,2,3,6,7,10,10:20
4,6,6,7,7,8,10,10:29
1,2,3,3,3,5,7,8:16
1,5,6,8,8,10,10,10:29
2,4,4,5,5,6,10,10:23
3,5,6,8,8,8,9,9:28
1,2,3,4,5,7,8,10:20
3,5,5,6,8,9,10,10:28
2,2,3,4,6,7,10,10:22
3,4,4,4,6,6,7,8:21
3,5,7,9,9,9,10,10:31
3,4,5,5,7,8,10,10:26
3,4,5,7,8,9,9,9:27
1,3,4,4,4,6,6,10:19
2,3,3,5,5,6,8,10:21
1,3,7,7,7,9,10,10:27
1,3,4,4,6,7,7,8:20
3,3,4,6,6,8,10,10:25
1,1,2,4,4,8,10,10:20
3,3,6,8,8,8,8,10:27
1,4,4,5,7,8,8,9:23
1,2,3,4,7,7,7,9:20
1,1,2,2,3,5,8,10:16
5,5,7,7,7,7,8,8:27
3,3,5,6,7,7,7,8:23
3,5,7,8,8,9,9,9:29
3,3,5,7,7,7,8,10:25
1,5,6,6,7,9,10,10:27
1,3,6,7,8,8,8,9:25
3,4,6,8,8,9,10,10:29
2,2,3,3,4,4,7,9:17
1,1,4,5,5,7,8,9:20
2,4,6,7,9,10,10,10:29
2,2,3,7,7,8,9,10:24
3,3,6,7,8,8,8,9:26
1,2,4,5,8,9,9,10:24
1,1,2,3,4,5,7,9:16
2,3,6,6,7,7,9,10:25
1,1,1,2,3,4,10,10:16
2,3,3,3,7,8,9,9:22
2,5,6,7,7,9,10,10:28
2,4,5,5,5,7,9,9:23
3,4,7,7,9,9,9,10:29
1,3,6,7,7,8,8,10:25
2,3,5,5,6,8,9,10:24
1,2,2,2,5,6,6,8:16
2,5,6,6,7,7,8,9:25
3,4,5,5,6,7,10,10:25
1,2,5,7,8,9,10,10:26
1,4,4,5,6,8,9,9:23
2,2,5,7,8,8,8,10:25
1,1,1,3,4,4,4,8:13
2,2,6,6,8,8,8,8:24
2,2,3,3,7,7,7,7:19
1,2,8,8,8,9,9,9:27
1,3,5,6,6,7,10,10:24
2,2,3,4,5,5,5,6:16
1,4,4,5,5,9,10,10:24
1,4,5,7,7,8,8,8:24
2,2,2,2,6,6,9,9:19
2,4,6,7,8,8,9,10:27
4,5,6,6,6,7,10,10:27
3,3,3,4,4,5,8,10:20
3,4,4,4,6,6,6,7:20
1,1,3,3,6,6,9,9:19
2,3,4,4,4,5,5,9:18
3,4,5,5,5,5,6,7:20
3,4,4,6,7,9,9,10:26
1,3,6,6,7,9,9,9:25
4,4,5,5,6,6,7,7:22
2,5,5,6,7,8,8,9:25
1,3,4,4,6,9,9,10:23
1,2,6,7,9,9,9,9:26
3,3,5,6,9,10,10,10:28
2,2,3,4,4,4,5,6:15
2,2,5,6,7,7,9,10:24
1,3,4,5,7,9,9,10:24
2,2,6,7,8,9,10,10:27
1,2,4,5,6,7,9,10:22
1,2,2,4,5,6,7,9:18
2,4,5,5,6,7,9,10:24
1,2,3,3,7,7,8,9:20
2,2,4,7,7,8,9,9:24
1,1,5,7,7,8,9,10:24
1,1,3,4,6,6,9,10:20
5,5,5,6,7,8,10,10:28
1,1,3,4,4,6,7,10:18
1,1,3,3,5,7,7,9:18
2,3,5,6,6,7,8,9:23
1,2,3,4,7,8,8,9:21
2,5,7,7,8,9,10,10:29
1,1,2,5,6,9,10,10:22
3,4,5,6,7,7,10,10:26
1,2,3,4,8,8,10,10:23
1,2,3,5,8,8,9,10:23
1,5,5,5,6,7,7,8:22
3,4,4,4,6,7,8,8:22
1,2,5,6,6,8,10,10:24
1,1,2,3,4,4,9,10:17
2,2,5,6,7,7,7,8:22
1,3,4,4,4,4,7,9:18
1,1,1,1,2,3,5,8:11
3,4,8,8,9,10,10,10:31
2,3,4,4,6,9,10,10:24
6,7,8,8,8,9,10,10:33
2,3,4,4,5,6,8,8:20
2,3,3,4,6,7,8,9:21
1,2,3,5,6,6,9,10:21
4,5,5,6,8,9,9,10:28
1,3,5,5,7,8,8,9:23
1,2,3,5,6,9,10,10:23
1,1,3,3,4,6,7,9:17
2,2,4,5,5,5,6,9:19
2,4,5,6,6,7,7,7:22
1,1,2,7,7,8,10,10:23
2,2,4,4,6,6,9,9:21
1,1,4,6,8,9,9,10:24
1,2,2,4,6,8,8,9:20
1,4,5,5,5,7,9,10:23
1,3,3,4,5,6,6,8:18
2,5,7,7,7,9,9,10:28
2,5,6,7,8,9,9,10:28
2,3,4,6,6,8,8,9:23
2,3,4,5,5,5,7,9:20
1,1,2,4,4,5,5,6:14
3,3,6,6,7,7,8,8:24
2,3,4,5,5,6,7,8:20
2,5,5,6,7,7,8,10:25
1,2,2,3,7,8,9,10:21
2,2,2,4,5,7,7,7:18
2,3,8,8,9,10,10,10:30
1,2,2,3,3,3,4,8:13
1,2,3,5,5,5,8,9:19
1,1,2,4,5,9,10,10:21
2,3,3,3,6,7,10,10:22
4,5,6,6,7,8,8,10:27
1,2,2,3,8,10,10,10:23
3,4,5,5,5,7,8,9:23
5,5,6,7,7,8,8,10:28
2,2,2,5,5,6,6,10:19
1,2,5,6,7,9,10,10:25
2,4,4,6,8,9,9,10:26
3,3,4,6,7,7,8,10:24
1,3,6,7,7,7,9,10:25
1,1,3,4,8,8,8,9:21
6,6,6,6,7,8,9,10:29
4,5,6,6,7,8,8,8:26
4,4,4,5,5,7,8,9:23
1,2,4,4,4,8,8,9:20
1,1,4,5,9,9,9,10:24
3,4,6,7,8,8,8,10:27
2,3,4,4,4,6,6,7:18
3,3,5,6,7,7,8,9:24
3,4,8,8,8,9,10,10:30
4,4,4,6,7,9,9,9:26
2,2,2,3,5,5,6,7:16
2,3,4,4,6,8,9,10:23
1,2,3,3,5,5,7,10:18
4,4,7,8,8,9,10,10:30
1,2,4,5,5,7,8,8:20
1,2,2,5,6,7,7,8:19
1,2,2,4,4,5,6,8:16
2,3,5,5,5,7,9,10:23
2,5,7,7,8,8,8,9:27
1,3,4,4,4,4,6,10:18
2,4,4,6,6,6,6,6:20
5,5,6,6,7,7,7,9:26
1,1,1,1,4,4,10,10:16
1,3,5,6,9,10,10,10:27
1,1,5,7,7,8,8,9:23
1,2,2,6,7,9,9,10:23
1,2,3,5,5,9,9,10:22
1,2,4,4,7,8,9,9:22
2,3,4,4,7,7,8,9:22
1,5,5,5,7,7,10,10:25
1,1,4,6,6,7,8,9:21
2,3,5,6,6,9,9,10:25
2,2,4,5,6,8,8,9:22
2,2,3,5,5,6,9,10:21
6,7,7,8,8,8,9,9:31
2,4,4,6,6,8,8,10:24
1,2,2,3,5,6,8,9:18
1,4,6,6,6,9,9,9:25
2,2,7,8,9,9,9,10:28
2,3,5,6,8,8,8,10:25
3,5,7,7,8,9,9,10:29
7,7,7,8,8,9,10,10:33
1,1,2,2,6,6,8,10:18
1,3,4,6,7,8,8,9:23
1,1,3,6,7,10,10,10:24
2,3,7,7,8,8,9,10:27
3,3,3,5,6,7,7,8:21
1,2,2,3,5,7,8,10:19
1,2,4,5,7,7,8,8:21
1,1,1,4,5,5,6,9:16
3,3,4,4,6,6,6,6:19
4,4,5,7,8,8,8,10:27
4,4,5,6,6,7,8,8:24
2,3,5,7,7,7,8,9:24
1,2,3,5,7,10,10,10:24
2,2,3,4,7,9,9,10:23
2,4,5,7,7,8,9,10:26
1,1,4,7,7,8,9,9:23
2,3,6,6,9,10,10,10:28
1,2,4,6,6,8,8,9:22
2,3,3,5,5,9,9,10:23
1,4,4,6,6,6,8,9:22
3,4,5,7,8,8,8,9:26
1,1,5,6,9,9,9,10:25
1,1,1,2,3,4,8,8:14
1,2,3,5,6,8,8,9:21
2,2,3,3,5,5,8,10:19
1,1,3,3,9,9,10,10:23
2,2,2,4,5,6,8,9:19
2,3,5,5,6,7,9,9:23
1,1,2,5,7,8,10,10:22
1,1,1,2,3,3,6,7:12
5,5,7,8,9,9,9,10:31
3,4,5,7,8,8,9,10:27
1,4,4,5,5,6,6,9:20
2,3,4,5,8,8,10,10:25
5,5,7,7,7,7,10,10:29
3,6,7,7,7,8,8,10:28
1,2,3,3,4,7,8,8:18
4,7,8,8,8,9,10,10:32
1,2,3,7,7,7,7,10:22
1,2,3,5,5,6,6,10:19
1,1,4,5,6,7,10,10:22
1,4,5,7,7,7,8,9:24
1,4,6,8,9,9,9,10:28
2,2,3,4,4,5,8,10:19
1,3,6,6,6,7,9,10:24
2,4,4,5,8,9,10,10:26
1,3,4,5,5,8,10,10:23
1,1,2,3,3,5,6,9:15
1,2,4,4,6,7,10,10:22
2,2,3,4,6,7,7,9:20
2,3,5,6,7,7,10,10:25
1,1,1,1,3,3,5,9:12
1,2,3,5,6,7,7,7:19
1,1,1,2,4,6,7,8:15
3,4,7,8,8,9,9,10:29
4,5,5,8,9,9,10,10:30
1,3,4,5,5,7,9,10:22
4,4,4,4,5,6,9,10:23
1,1,1,2,4,5,5,5:12
1,3,3,3,5,7,10,10:21
2,2,4,5,9,9,9,10:25
1,2,7,8,10,10,10,10:29
4,5,5,6,6,7,9,10:26
1,3,3,3,8,8,9,9:22
1,1,3,5,6,7,7,8:19
1,3,3,4,4,4,5,8:16
1,2,3,4,6,8,8,10:21
1,1,1,4,5,5,7,10:17
1,4,6,7,8,8,10,10:27
5,5,5,6,7,9,9,10:28
1,2,2,5,6,6,6,10:19
1,2,2,2,7,8,10,10:21
3,4,5,7,9,9,9,10:28
1,4,6,6,7,7,8,9:24
1,1,4,5,5,7,9,10:21
4,6,6,6,8,10,10,10:30
1,2,5,5,8,9,10,10:25
4,4,4,6,6,8,10,10:26
1,1,2,2,2,2,8,8:13
3,3,4,5,6,6,9,10:23
1,2,3,4,5,5,7,7:17
2,4,4,5,6,7,8,8:22
7,7,9,9,10,10,10,10:36
2,2,2,5,6,7,8,10:21
5,5,6,6,7,8,8,9:27
2,2,3,5,6,7,9,10:22
3,3,4,4,10,10,10,10:27
2,2,5,6,7,8,10,10:25
1,2,2,3,4,6,7,7:16
1,2,9,9,9,10,10,10:30
1,3,3,4,5,6,8,10:20
3,4,6,7,8,8,9,9:27
1,1,2,2,3,4,6,9:14
2,3,3,4,5,6,8,9:20
1,2,4,5,7,7,8,10:22
1,2,3,4,5,6,7,8:18
4,4,6,7,7,8,10,10:28
1,5,6,6,6,9,9,10:26
3,3,5,7,8,9,9,10:27
3,4,6,6,7,7,8,9:25
2,2,3,4,7,8,8,8:21
1,1,1,3,4,5,8,9:16
2,2,3,4,5,6,6,8:18
2,2,3,4,6,7,8,8:20
1,3,4,5,7,8,9,9:23
2,3,4,5,7,8,9,10:24