5,5,8,8:13
1,4,4,7:8
6,6,8,8:14
2,5,5,8:10
2,2,3,3:5
1,2,7,8:9
7,7,10,10:17
4,4,4,4:8
5,5,10,10:15
1,3,4,6:7
3,3,9,9:12
2,3,4,5:7
2,4,7,9:11
3,3,10,10:13
2,3,8,9:11
4,7,7,10:14
6,6,6,6:12
2,5,6,9:11
1,2,5,6:7
3,4,6,7:10
3,6,6,9:12
5,6,7,8:13
2,3,6,7:9
1,1,6,6:7
5,6,9,10:15
1,1,2,2:3
4,4,7,7:11
4,5,8,9:13
1,4,7,10:11
2,4,8,10:12
6,8,8,10:16
1,1,3,3:4
6,7,9,10:16
4,5,5,6:10
3,4,9,10:13
5,6,8,9:14
3,3,4,4:7
3,4,4,5:8
2,3,9,10:12
1,3,7,9:10
1,3,3,5:6
5,7,7,9:14
1,4,6,9:10
6,7,7,8:14
2,3,7,8:10
5,5,9,9:14
4,5,9,10:14
2,2,7,7:9
7,7,8,8:15
8,8,8,8:16
1,4,5,8:9
8,8,10,10:18
1,1,10,10:11
3,4,5,6:9
2,2,2,2:4
2,4,4,6:8
1,1,9,9:10
6,6,10,10:16
2,5,7,10:12
7,7,7,7:14
7,8,9,10:17
5,5,5,5:10
1,5,6,10:11
2,3,5,6:8
3,5,8,10:13
2,2,8,8:10
3,4,8,9:12
1,3,8,10:11
2,2,5,5:7
2,4,5,7:9
4,4,5,5:9
1,1,5,5:6
5,5,6,6:11
6,6,7,7:13
6,7,8,9:15
1,2,9,10:11
8,8,9,9:17
1,2,8,9:10
4,6,6,8:12
3,3,6,6:9
1,2,4,5:6
6,6,9,9:15
1,2,6,7:8
4,6,8,10:14
3,3,8,8:11
2,6,6,10:12
5,5,7,7:12
3,4,7,8:11
9,9,9,9:18
9,9,10,10:19
1,1,8,8:9
3,5,5,7:10
4,5,6,7:11
1,3,5,7:8
4,4,10,10:14
3,3,7,7:10
8,9,9,10:18
1,1,7,7:8
4,6,7,9:13
2,3,3,4:6
2,2,4,4:6
3,3,5,5:8
1,2,2,3:4
10,10,10,10:20
2,4,6,8:10
4,5,7,8:12
4,4,6,6:10
3,5,7,9:12
4,4,8,8:12
2,2,6,6:8
1,5,5,9:10
7,8,8,9:16
3,5,6,8:11
3,6,7,10:13
2,2,10,10:12
1,2,3,4:5
2,2,9,9:11
4,4,9,9:13
5,6,6,7:12
1,3,6,8:9
7,7,9,9:16
5,7,8,10:15
1,1,4,4:5