2,2,3,5,8,9,9,10,10,10:34
1,1,2,3,4,4,6,8,8,9:23
2,3,4,5,6,7,7,7,8,9:29
1,2,3,3,4,5,7,9,10,10:27
3,4,6,8,8,8,8,9,10,10:37
1,1,2,3,4,6,7,7,8,9:24
2,2,3,4,4,5,6,6,7,7:23
1,1,1,3,4,6,8,8,9,9:25
1,1,2,2,5,6,8,8,8,9:25
1,1,4,6,6,7,8,8,9,10:30
1,2,3,4,8,8,9,9,10,10:32
2,2,3,4,4,4,5,6,6,8:22
1,1,1,3,3,3,6,7,8,9:21
1,3,3,5,6,7,7,8,8,10:29
2,3,4,6,7,8,8,10,10,10:34
1,2,3,3,6,6,6,7,8,10:26
1,1,2,3,4,4,8,9,10,10:26
1,2,2,2,2,4,7,7,7,8:21
2,3,6,6,6,7,8,9,9,10:33
1,2,4,6,6,6,7,9,9,10:30
2,2,2,3,3,3,3,4,6,8:18
3,6,7,7,7,7,8,8,8,9:35
1,1,1,2,3,6,6,7,9,10:23
2,2,3,3,4,7,7,7,7,10:26
1,1,3,3,3,6,7,9,9,10:26
1,2,4,5,6,7,9,9,9,10:31
2,2,2,5,7,7,7,8,8,10:29
2,2,2,5,6,8,8,9,10,10:31
1,1,2,2,2,2,5,5,8,10:19
1,2,6,7,7,8,9,10,10,10:35
1,3,3,4,5,6,6,9,9,10:28
1,3,3,5,7,8,9,10,10,10:33
1,2,3,8,8,9,9,10,10,10:35
1,2,3,3,3,4,6,6,8,10:23
1,2,4,6,7,8,9,9,10,10:33
1,2,4,4,5,6,7,7,8,10:27
1,3,3,3,6,6,7,8,9,10:28
1,3,4,5,7,7,8,9,10,10:32
2,3,3,5,5,6,7,7,7,9:27
2,2,5,6,6,8,8,9,10,10:33
1,2,2,3,5,6,7,7,9,10:26
2,3,3,4,4,5,6,7,8,10:26
3,7,7,7,8,8,8,8,10,10:38
2,2,3,4,5,5,5,6,8,8:24
1,3,4,5,6,6,7,8,9,9:29
6,6,7,7,7,8,8,8,8,9:37
1,2,3,4,4,5,7,8,10,10:27
2,2,3,3,4,4,4,5,6,7:20
2,2,2,2,3,5,5,6,7,10:22
1,3,4,6,6,6,7,7,10,10:30
1,2,2,3,3,4,4,4,9,10:21
4,5,5,6,7,8,9,9,9,10:36
2,3,6,6,6,7,9,9,10,10:34
1,1,3,3,4,4,4,5,5,10:20
1,1,2,2,4,4,9,9,10,10:26
1,1,1,5,6,6,7,7,7,9:25
2,2,2,3,3,5,5,6,6,10:22
1,1,3,4,5,5,6,6,7,10:24
4,5,5,5,6,6,7,8,9,9:32
1,2,2,2,3,4,4,6,8,8:20
2,2,2,6,6,7,8,9,10,10:31
3,3,4,6,7,7,8,9,9,10:33
1,1,3,5,6,7,7,7,8,9:27
1,4,4,6,7,7,8,8,9,10:32
2,5,6,6,8,8,8,9,10,10:36
1,3,3,3,6,8,10,10,10,10:32
1,2,3,3,4,4,5,6,6,8:21
2,3,3,4,4,5,5,6,8,10:25
3,5,6,6,6,8,8,8,10,10:35
2,2,4,4,4,4,7,8,9,10:27
1,1,1,3,5,6,6,9,10,10:26
1,2,4,6,6,7,7,7,8,8:28
3,3,3,4,5,5,7,7,9,10:28
1,2,5,6,6,7,7,8,8,10:30
1,4,5,7,7,8,8,8,10,10:34
3,4,4,4,5,7,7,8,9,9:30
3,4,5,6,6,7,7,8,8,10:32
1,1,2,2,3,4,6,6,8,9:21
4,4,4,5,6,8,8,8,9,10:33
1,1,2,2,3,3,5,5,8,8:19
1,1,2,3,3,4,4,5,5,8:18
2,2,2,3,3,4,5,8,9,10:24
1,1,1,2,3,4,4,5,6,7:17
1,1,4,4,4,5,8,8,9,10:27
1,1,6,6,6,7,9,10,10,10:33
1,1,1,2,2,3,5,6,7,8:18
1,2,2,5,5,5,5,6,7,10:24
2,4,8,8,8,9,9,10,10,10:39
1,1,2,5,6,8,9,10,10,10:31
3,4,5,6,8,8,9,9,10,10:36
2,2,3,4,4,4,4,6,7,10:23
1,2,2,4,4,5,5,9,10,10:26
2,3,3,4,4,6,8,10,10,10:30
2,2,3,4,5,7,9,9,9,10:30
3,4,6,6,8,8,8,8,8,9:34
2,3,4,5,5,7,7,9,10,10:31
1,2,5,6,7,7,7,8,8,9:30
2,3,4,4,5,5,5,6,7,9:25
2,2,2,3,4,4,4,5,7,9:21
1,1,2,3,6,6,7,8,9,9:26
2,5,5,8,8,8,8,9,9,10:36
2,3,3,3,4,5,6,7,8,9:25
2,3,3,4,5,5,7,8,8,9:27
4,4,6,6,6,7,8,8,9,10:34
3,3,3,4,5,8,9,9,10,10:32
1,2,3,4,5,6,8,9,9,9:28
5,6,6,7,8,10,10,10,10,10:41
2,2,3,3,4,4,6,6,9,9:24
5,5,6,6,7,8,9,9,9,10:37
1,1,4,6,6,8,8,10,10,10:32
2,2,3,5,8,8,8,10,10,10:33
4,5,6,7,8,9,9,10,10,10:39
1,2,2,3,7,9,9,9,10,10:31
2,2,3,3,3,4,6,7,9,9:24
2,2,3,4,4,7,9,9,9,9:29
2,3,3,4,5,6,8,8,9,10:29
1,2,2,3,7,7,8,8,10,10:29
6,7,8,8,9,9,9,10,10,10:43
1,2,2,4,6,8,9,9,9,10:30
1,1,1,3,3,4,5,5,5,10:19
2,2,3,3,5,5,7,8,9,10:27
1,2,3,3,3,6,6,9,9,10:26
5,5,5,5,7,8,8,8,9,10:35
1,3,3,4,6,6,8,9,10,10:30
2,2,3,3,3,4,4,5,8,8:21
1,1,4,4,6,6,7,7,8,8:26
4,5,6,7,7,7,7,8,9,10:35
2,2,3,5,5,6,7,7,8,9:27
3,3,5,6,8,8,9,9,9,10:35
1,1,4,5,5,6,7,7,8,10:27
1,2,2,2,4,5,6,6,7,9:22
1,2,3,5,5,7,7,9,9,10:29
1,1,2,3,5,5,6,6,7,8:22
1,2,2,3,6,7,7,8,10,10:28
4,6,7,8,8,8,8,9,10,10:39
2,2,2,5,6,6,8,8,9,10:29
1,1,2,3,5,5,5,6,7,7:21
1,3,4,5,8,8,9,10,10,10:34
1,2,2,2,3,4,6,8,8,10:23
3,4,5,6,6,7,7,8,9,9:32
1,2,3,3,3,4,8,8,8,8:24
1,3,4,5,5,7,8,9,10,10:31
1,5,5,5,6,6,6,8,9,9:30
2,3,4,5,5,6,7,8,10,10:30
1,1,2,3,4,6,9,10,10,10:28
2,2,3,4,5,6,9,9,10,10:30
1,2,5,6,7,7,8,9,9,10:32
1,2,3,5,6,6,8,8,9,10:29
3,4,5,5,5,8,8,8,8,10:32
1,1,1,3,4,4,8,9,9,10:25
1,1,1,1,6,6,10,10,10,10:28
5,5,6,7,7,8,8,9,9,10:37
1,3,3,5,6,7,8,9,10,10:31
4,5,7,7,8,8,8,9,10,10:38
2,2,4,6,8,8,8,9,9,10:33
1,1,4,5,5,6,6,8,9,9:27
1,2,3,3,3,5,7,8,10,10:26
1,2,2,3,3,3,4,6,6,8:19
1,2,3,4,5,6,9,10,10,10:30
2,3,3,3,3,5,5,6,8,10:24
1,2,2,3,5,5,6,7,9,10:25
4,4,5,5,6,6,7,7,8,10:31
1,2,5,5,6,6,8,8,9,10:30
2,2,6,6,7,7,8,8,10,10:33
1,2,2,3,5,5,5,5,8,10:23
1,1,1,2,8,8,8,9,9,9:28
1,2,3,3,4,6,6,6,9,10:25
5,5,6,6,6,7,8,9,10,10:36
1,3,4,5,5,6,8,8,9,9:29
2,3,4,4,4,4,5,6,8,10:25
2,2,5,5,5,6,8,9,10,10:31
1,1,1,3,4,5,5,6,8,10:22
1,2,3,4,4,4,6,7,9,10:25
3,3,5,5,8,8,9,9,9,9:34
2,3,3,3,6,8,8,9,10,10:31
2,3,4,5,7,7,7,8,9,10:31
1,1,2,4,5,7,8,8,10,10:28
2,3,4,7,7,8,9,9,9,10:34
1,4,5,5,6,8,8,8,8,9:31
1,1,2,2,3,4,6,8,9,10:23
1,1,2,5,6,8,9,9,9,10:30
1,3,3,3,7,8,8,9,10,10:31
1,1,2,3,5,5,5,8,10,10:25
1,2,3,4,5,5,5,7,10,10:26
1,2,4,5,5,5,5,6,8,9:25
1,3,3,4,5,8,8,8,10,10:30
2,3,4,5,7,8,9,9,9,10:33
1,2,3,5,5,5,6,7,8,8:25
2,2,2,3,4,5,6,7,7,10:24
1,1,3,4,4,5,6,8,8,10:25
1,1,1,2,4,5,5,5,6,6:18
1,3,3,3,4,7,8,8,9,10:28
1,2,2,3,4,4,5,8,9,10:24
1,2,5,5,6,7,7,7,8,10:29
2,2,3,4,4,4,9,9,9,10:28
1,1,1,2,2,4,7,9,9,10:23
3,4,5,6,6,8,8,8,8,10:33
1,2,3,4,4,6,7,9,9,9:27
2,2,2,2,2,2,5,6,9,10:21
1,4,4,5,7,7,8,8,10,10:32
1,2,3,4,6,6,7,9,9,9:28
1,2,2,3,3,5,6,8,8,10:24
2,3,4,5,6,6,6,7,8,9:28
3,3,5,7,7,8,8,8,9,10:34
1,2,2,5,5,8,8,9,9,9:29
4,5,7,8,8,9,9,10,10,10:40
1,3,6,7,7,7,8,9,10,10:34
1,2,3,4,5,9,9,9,10,10:31
2,3,3,4,5,8,9,10,10,10:32
4,5,6,9,9,9,10,10,10,10:41
1,2,3,4,5,6,7,8,10,10:28
2,2,3,4,6,6,9,10,10,10:31
1,1,1,3,3,5,5,6,6,7:19
3,5,6,6,6,7,7,8,10,10:34
5,6,6,7,7,8,8,9,9,9:37
1,2,3,4,4,6,7,7,8,10:26
1,1,4,4,4,5,6,6,7,10:24
1,3,4,6,6,7,8,8,9,10:31
1,1,2,3,3,5,7,8,8,10:24
5,6,6,7,8,8,9,9,9,9:38
1,2,7,8,8,8,9,9,10,10:36
1,1,3,3,4,4,5,7,8,10:23
1,3,3,6,7,7,7,9,9,10:31
2,2,3,3,7,7,7,8,9,10:29
1,2,3,3,3,4,7,8,9,10:25
1,3,3,4,4,6,6,8,9,10:27
3,5,7,7,7,8,8,9,9,9:36
2,3,4,4,5,6,8,8,8,10:29
1,2,2,2,2,3,10,10,10,10:26
2,2,5,6,8,8,8,8,8,9:32
1,2,2,3,5,7,7,8,8,9:26
3,6,6,7,7,8,8,8,9,10:36
1,2,5,5,5,6,6,7,8,9:27
1,2,2,3,8,8,8,8,9,9:29
1,2,3,4,5,5,5,5,6,8:22
2,4,6,7,7,8,9,9,10,10:36
1,1,3,4,4,5,6,7,8,9:24
1,1,3,3,4,4,6,6,10,10:24
2,4,4,4,5,6,9,10,10,10:32
1,3,4,4,4,6,6,8,8,10:27
2,2,3,3,4,5,6,6,8,9:24
1,1,2,3,4,4,5,6,7,9:21
1,1,2,3,4,7,8,9,9,10:27
4,5,5,5,6,6,8,8,9,10:33
2,2,2,5,7,8,8,9,9,10:31
3,4,7,8,8,8,10,10,10,10:39
3,4,5,5,5,6,7,7,8,10:30
2,2,3,3,3,4,6,7,8,8:23
1,4,4,4,6,6,7,8,8,10:29
1,3,3,4,4,5,5,8,8,9:25
4,4,5,5,6,7,7,8,8,10:32
2,3,4,4,6,6,9,9,9,10:31
4,5,5,5,5,6,6,7,9,10:31
1,2,3,3,4,5,6,6,10,10:25
2,3,3,4,6,7,7,8,9,9:29
2,4,4,4,5,5,6,8,10,10:29
1,1,2,2,3,4,5,6,7,7:19
1,1,2,3,3,3,3,5,5,6:16
1,2,3,4,6,7,8,8,8,9:28
3,3,6,7,7,8,9,9,10,10:36
2,3,4,4,8,9,9,9,10,10:34
1,1,2,6,6,6,7,9,10,10:29
2,3,3,3,4,5,7,8,8,9:26
3,4,6,6,7,9,9,10,10,10:37
1,2,2,3,5,6,7,8,8,10:26
3,4,4,5,6,7,7,8,8,10:31
1,2,3,5,6,7,7,7,7,9:27
1,1,1,6,7,7,8,8,9,10:29
1,2,3,4,4,4,5,8,9,10:25
1,4,4,5,5,6,7,7,8,9:28
1,1,1,2,5,5,6,6,7,8:21
3,5,5,6,6,6,7,8,8,10:32
1,2,2,3,3,4,8,9,10,10:26
3,3,3,4,4,7,8,8,8,10:29
2,2,4,6,6,6,7,8,9,10:30
3,4,5,5,5,8,9,9,10,10:34
3,3,3,5,7,7,7,9,10,10:32
1,3,4,5,5,6,8,8,8,10:29
3,3,4,6,6,6,6,7,7,10:29
1,1,2,4,4,5,6,6,7,8:22
1,1,2,4,5,6,6,6,6,9:23
1,2,2,4,5,5,6,9,10,10:27
5,6,6,6,6,6,6,7,9,9:33
1,1,3,3,3,4,4,4,4,7:17
2,4,6,6,7,8,9,10,10,10:36
2,2,4,5,5,6,7,8,9,10:29
2,2,2,4,4,6,6,7,9,10:26
1,3,3,4,6,8,9,9,9,10:31
4,5,6,7,7,8,8,9,10,10:37
3,4,4,4,7,7,8,9,10,10:33
1,4,6,8,8,8,8,9,10,10:36
3,3,3,5,5,6,7,7,8,9:28
1,4,4,4,5,7,9,10,10,10:32
6,6,6,6,7,8,8,8,9,10:37
2,5,6,6,7,8,9,9,10,10:36
1,1,2,3,4,6,6,7,7,7:22
2,4,4,5,5,7,7,7,9,10:30
1,1,2,4,6,7,7,7,7,8:25
3,4,4,4,6,7,8,8,10,10:32
2,2,3,3,5,7,7,8,9,10:28
2,2,3,4,5,7,8,8,9,10:29
1,5,5,6,6,7,8,9,9,10:33
2,2,2,4,5,6,6,7,9,9:26
2,3,3,6,6,7,7,7,9,10:30
1,1,3,3,6,6,6,7,8,9:25
1,2,3,5,5,7,7,10,10,10:30
1,2,3,3,4,5,7,8,9,10:26
2,3,6,6,7,7,7,8,10,10:33
1,3,3,5,5,5,6,7,7,10:26
3,3,4,5,5,5,6,6,9,10:28
2,3,5,6,6,7,7,8,9,9:31
2,3,3,4,7,7,7,8,9,10:30
5,5,5,5,5,6,7,8,9,9:32
1,2,2,4,5,5,6,7,10,10:26
2,3,3,4,5,5,5,5,8,10:25
1,1,3,5,7,8,9,10,10,10:32
1,1,3,5,5,7,8,8,9,9:28
1,1,4,5,5,6,6,6,8,10:26
2,2,3,4,4,5,5,6,9,10:25
2,2,3,3,4,5,6,7,9,9:25
1,1,4,4,4,4,6,6,8,8:23
1,2,6,6,7,7,9,10,10,10:34
2,2,2,3,7,7,8,8,9,10:29
3,3,7,7,7,7,9,9,10,10:36
1,1,2,4,7,7,8,9,9,10:29
1,2,2,4,4,5,5,6,9,10:24
1,1,2,3,6,7,8,8,8,10:27
1,2,4,4,4,4,5,5,6,7:21
2,3,4,5,5,5,6,7,9,10:28
1,3,3,3,5,6,7,8,8,10:27
3,3,5,5,7,7,9,9,10,10:34
1,2,4,4,4,5,6,6,8,10:25
1,1,2,2,6,6,6,8,10,10:26
1,1,2,3,4,4,5,9,9,10:24
3,5,5,5,7,8,9,9,9,10:35
2,2,5,6,6,6,7,8,10,10:31
3,4,5,5,7,9,9,10,10,10:36
2,3,3,5,5,7,9,10,10,10:32
4,5,6,6,7,7,7,8,8,10:34
2,2,3,3,5,6,8,9,10,10:29
1,1,2,2,3,4,5,5,6,7:18
3,4,4,7,8,9,9,10,10,10:37
1,2,4,4,5,7,8,9,10,10:30
1,2,2,3,7,8,9,9,9,10:30
3,3,3,4,5,7,7,7,7,8:27
1,2,2,3,3,4,5,6,8,10:22
1,2,2,2,4,6,8,8,8,9:25
2,4,4,5,6,6,6,7,9,9:29
1,1,3,4,4,5,6,7,7,10:24
2,3,3,6,7,8,9,10,10,10:34
1,3,4,4,5,5,6,8,9,9:27
2,4,5,6,6,8,9,10,10,10:35
1,2,4,5,6,7,7,7,7,8:27
1,1,5,6,8,9,10,10,10,10:35
2,2,4,5,5,6,7,8,8,9:28
2,4,5,5,6,9,9,10,10,10:35
1,2,3,4,4,6,8,8,10,10:28
1,5,5,6,7,7,7,7,8,9:31
3,3,4,5,5,5,6,7,9,9:28
2,3,3,4,5,6,6,7,8,10:27
2,3,4,7,7,8,8,8,9,10:33
1,2,2,2,2,6,6,6,7,10:22
1,2,2,4,6,6,7,9,9,10:28
2,2,4,5,6,8,8,9,9,9:31
2,2,4,5,5,6,6,6,9,9:27
3,3,3,4,4,5,7,7,10,10:28
1,2,5,5,8,8,8,8,9,10:32
1,3,3,4,5,7,7,8,10,10:29
2,2,3,5,7,7,8,9,9,10:31
1,2,3,7,7,8,8,8,8,10:31
1,2,2,4,5,6,8,9,9,10:28
2,3,3,3,5,6,7,7,8,8:26
1,2,3,3,6,6,6,6,9,10:26
2,2,3,4,4,5,6,9,9,10:27
3,3,4,4,6,7,7,8,9,9:30
1,3,4,5,5,7,7,7,8,9:28
1,2,2,3,5,7,9,9,10,10:29
1,2,3,4,6,7,9,9,9,10:30
1,1,2,3,5,5,5,6,9,9:23
2,2,3,4,4,5,7,8,9,10:27
1,2,2,4,6,6,7,7,7,8:25
3,5,6,7,7,8,9,9,10,10:37
1,1,2,2,3,4,5,6,6,6:18
1,3,4,5,5,6,7,7,8,8:27
1,3,4,4,5,5,5,7,9,9:26
2,3,5,6,6,6,7,7,8,8:29
1,1,4,4,4,4,5,7,8,10:24
1,2,4,6,6,6,8,8,9,10:30
1,1,2,3,7,7,8,8,9,10:28
2,3,5,5,6,6,6,8,9,10:30
1,2,4,4,7,7,7,8,8,8:28
1,3,3,4,5,7,8,9,10,10:30
1,2,2,3,3,4,7,8,8,8:23
1,2,2,2,4,6,8,8,9,10:26
2,2,4,7,8,8,9,10,10,10:35
2,3,5,5,6,7,8,8,8,10:31
2,3,4,4,5,5,9,9,9,10:30
1,1,2,3,3,6,6,8,8,8:23
1,2,4,4,7,7,8,8,9,10:30
1,1,3,3,3,4,4,5,10,10:22
3,4,7,8,8,9,9,10,10,10:39
2,3,3,3,4,4,6,7,7,9:24
2,3,4,5,6,7,7,8,8,10:30
2,2,3,3,3,3,8,8,8,10:25
2,4,5,5,5,6,6,7,8,10:29
1,1,2,2,3,4,5,5,7,8:19
1,2,4,4,4,5,7,7,7,9:25
1,1,3,3,4,4,4,6,7,9:21
2,2,7,8,8,9,9,9,9,9:36
2,5,5,5,6,7,8,9,9,10:33
1,2,2,2,5,5,7,7,9,10:25
1,2,3,3,4,4,5,5,9,10:23
1,2,2,5,6,8,8,10,10,10:31
3,3,5,6,6,7,7,8,9,10:32
1,1,1,3,4,6,8,8,10,10:26
2,2,4,5,5,6,6,8,9,9:28
1,3,3,4,5,8,9,9,10,10:31
2,3,5,6,8,8,9,9,10,10:35
1,3,6,7,8,9,9,9,10,10:36
1,2,2,2,3,3,3,4,5,7:16
2,2,2,3,4,6,8,8,9,10:27
1,3,3,5,6,7,7,8,9,9:29
1,3,5,6,6,7,8,8,9,9:31
1,3,5,6,8,9,9,9,10,10:35
1,2,3,6,6,7,7,7,7,10:28
1,1,3,3,4,5,8,8,9,10:26
3,3,4,7,7,7,8,9,9,9:33
2,3,3,3,4,5,7,9,10,10:28
1,2,2,4,4,7,7,8,9,10:27
1,3,5,5,6,6,6,7,8,9:28
1,2,2,2,3,4,5,6,7,8:20
3,3,4,5,6,9,10,10,10,10:35
1,1,3,4,6,6,6,7,10,10:27
1,2,3,4,4,5,7,8,8,8:25
5,5,6,8,8,8,9,9,10,10:39
3,3,5,5,5,5,8,9,9,10:31
2,2,3,3,4,6,6,8,8,10:26
2,3,6,6,7,8,8,9,9,10:34
2,3,3,3,4,4,5,6,8,8:23
5,5,6,6,6,7,8,8,9,10:35
1,5,6,6,6,7,7,9,9,10:33
2,2,3,4,5,8,8,8,9,9:29
2,3,5,5,6,6,8,9,10,10:32
2,2,4,4,5,6,8,8,9,10:29
1,1,2,2,6,6,6,6,7,9:23
1,2,4,5,7,7,9,9,10,10:32
1,1,2,7,7,8,9,9,10,10:32
2,2,2,4,4,4,5,6,7,10:23
3,3,3,3,4,6,6,8,8,8:26
2,3,3,4,4,5,6,8,8,9:26
1,2,4,4,5,8,8,9,9,10:30
1,2,3,5,5,7,8,8,9,10:29
1,2,3,3,4,4,4,5,6,10:21
2,2,4,6,6,7,8,9,10,10:32
2,2,3,4,5,5,5,6,7,9:24
2,2,3,4,5,5,7,8,8,10:27
1,2,2,3,3,4,5,6,10,10:23
1,3,4,4,5,6,6,6,9,10:27
4,5,5,5,5,7,7,8,8,10:32
3,4,6,6,6,7,8,9,9,10:34
2,2,2,3,3,6,6,8,8,10:25
1,1,2,3,3,6,8,8,9,9:25
1,1,3,4,6,7,9,9,9,9:29
2,2,3,3,5,5,5,7,8,10:25
1,2,2,2,5,5,6,7,7,7:22
1,2,2,4,5,5,8,8,8,9:26
1,3,6,6,6,7,7,8,8,10:31
5,5,5,6,6,8,8,8,9,10:35
1,3,3,3,4,6,6,6,10,10:26
2,3,7,7,7,7,8,8,9,10:34
1,2,3,4,5,7,7,8,8,9:27
1,1,1,4,4,5,6,8,8,10:24
1,2,2,3,4,6,8,8,10,10:27
1,4,4,4,4,4,6,6,7,10:25
1,2,3,3,4,5,5,6,7,8:22
1,4,4,4,4,4,6,6,6,9:24
1,1,1,4,5,6,7,7,7,9:24
1,1,2,2,7,8,8,9,10,10:29
2,4,5,5,6,6,7,9,9,9:31
1,3,4,7,7,7,7,8,8,10:31
1,1,2,3,6,7,8,8,10,10:28
1,1,2,2,3,4,4,5,8,10:20
1,4,4,5,6,7,7,7,9,10:30
2,3,3,5,7,8,8,8,9,9:31
2,3,4,4,5,7,7,8,8,8:28
1,1,5,6,6,7,9,9,10,10:32
1,4,5,7,7,7,7,7,9,10:32
3,4,5,6,6,6,7,9,10,10:33
1,3,4,5,6,6,8,8,9,10:30
2,2,5,5,5,5,6,6,9,9:27
1,1,3,4,4,6,7,9,9,10:27
3,3,4,5,7,8,8,8,8,10:32
1,2,2,3,4,7,7,7,7,8:24
2,4,6,7,7,7,8,8,9,10:34
2,3,5,5,5,5,6,7,8,10:28
1,1,2,2,3,5,7,8,9,10:24
1,2,3,6,7,8,9,10,10,10:33
1,5,5,5,5,6,6,6,7,8:27
3,5,5,6,7,7,9,9,9,10:35
3,5,5,5,6,7,7,8,10,10:33
1,4,4,4,4,5,5,7,7,9:25
1,1,2,2,4,5,8,8,9,10:25
1,3,5,5,5,7,8,9,9,10:31
1,1,2,4,6,6,7,7,8,10:26
1,2,2,3,8,9,9,10,10,10:32
1,3,4,7,7,7,8,8,9,10:32
1,3,4,4,4,4,4,8,9,9:25
1,1,4,4,4,5,9,10,10,10:29
1,1,4,4,6,7,9,10,10,10:31
1,1,1,5,6,6,7,7,9,9:26
1,2,2,2,4,4,4,5,10,10:22
1,1,3,3,5,5,7,8,8,9:25
2,3,3,3,4,4,4,6,7,8:22
1,1,7,8,9,9,9,10,10,10:37
1,3,3,4,5,7,8,9,9,9:29
4,4,6,7,7,7,9,9,9,10:36
1,3,4,5,6,7,8,8,8,10:30
1,1,1,3,4,5,6,7,8,8:22
4,4,5,5,7,8,8,8,8,9:33
1,5,7,7,7,8,9,9,9,10:36
1,2,3,3,4,4,6,6,9,10:24
1,2,2,3,3,4,5,5,9,10:22
2,3,4,4,5,5,5,6,9,9:26
1,1,1,1,2,2,2,2,7,9:14
1,5,5,5,6,7,7,9,9,10:32
1,1,3,5,6,6,7,9,10,10:29
1,3,4,4,5,7,8,8,9,9:29
3,4,6,6,6,6,7,8,8,8:31
1,1,2,4,5,7,8,8,8,8:26
4,4,5,5,6,6,7,8,8,9:31
1,3,3,3,8,9,9,10,10,10:33
1,2,3,4,5,6,6,7,7,9:25
3,4,4,5,5,6,9,9,9,10:32
1,1,1,2,6,7,8,9,9,10:27
1,1,2,3,3,4,8,10,10,10:26
2,2,3,3,4,5,7,7,9,10:26
2,2,3,4,4,5,6,6,8,8:24
1,1,2,5,5,6,6,7,8,9:25
1,4,4,4,4,4,5,7,8,9:25
1,3,3,4,6,7,8,8,10,10:30
1,2,3,3,4,7,8,8,8,8:26
2,3,3,3,5,5,5,5,5,10:23
1,1,3,3,4,6,6,6,7,9:23
1,1,1,6,6,6,7,9,9,10:28
2,3,3,6,6,6,7,7,8,10:29
2,2,3,4,4,5,6,6,7,9:24
1,1,3,7,7,8,8,8,9,10:31
1,2,2,2,3,4,6,7,7,10:22
3,4,4,5,6,7,7,8,9,9:31
2,2,3,3,4,5,7,8,8,10:26
2,3,4,5,5,6,6,6,7,8:26
1,2,2,3,5,6,8,8,9,10:27
1,6,7,7,8,8,9,10,10,10:38
2,3,3,3,3,3,6,7,8,8:23
5,6,6,7,7,7,8,10,10,10:38
3,4,4,5,5,7,8,9,9,10:32
2,2,2,2,3,6,7,8,9,9:25
1,2,2,2,3,5,5,6,6,8:20
1,1,2,3,4,4,4,5,6,8:19
3,4,4,5,5,7,7,7,8,8:29
1,4,6,6,6,8,8,9,10,10:34
1,3,3,4,5,6,6,6,6,8:24
2,2,2,4,6,6,6,7,7,8:25
2,3,4,4,4,7,7,7,8,8:27
2,3,3,4,6,6,8,8,9,9:29
1,2,6,7,7,8,9,9,9,10:34
4,4,5,5,6,6,7,9,10,10:33
1,2,2,3,3,3,3,4,9,10:20
1,2,2,2,4,4,6,8,8,9:23
1,2,4,5,6,6,6,7,9,10:28
1,3,4,6,7,7,7,7,8,10:30
1,1,1,3,4,5,5,5,5,8:19
1,2,5,5,6,7,8,10,10,10:32
1,4,4,5,5,7,8,9,9,10:31
1,3,4,4,6,8,8,8,10,10:31
1,2,2,3,4,5,7,8,9,9:25
1,2,2,2,3,4,6,6,7,7:20
1,2,2,4,4,5,8,8,8,10:26
2,4,4,5,6,6,7,8,8,10:30
2,2,2,3,3,5,7,8,9,9:25
2,2,2,2,3,5,6,8,9,9:24
1,2,2,5,5,7,8,9,9,10:29
1,4,4,5,6,6,8,8,10,10:31
3,3,4,4,4,4,5,6,7,10:25
2,2,4,6,7,8,9,10,10,10:34
2,4,6,8,8,8,10,10,10,10:38
1,1,1,3,4,4,5,6,7,8:20
2,2,3,3,4,5,7,8,10,10:27
2,3,4,4,5,8,8,9,9,10:31
6,6,7,7,8,8,9,9,10,10:40
1,2,3,5,6,7,8,10,10,10:31
1,2,3,5,5,6,8,8,9,9:28
2,2,3,4,5,6,7,9,10,10:29
1,2,2,2,5,7,7,7,8,9:25
1,2,3,4,5,6,8,8,9,10:28
3,4,4,4,4,5,6,6,6,8:25
3,4,5,5,5,6,7,8,9,10:31
3,3,4,4,5,5,7,8,8,9:28
4,4,4,5,5,6,7,7,7,9:29
1,1,1,1,2,2,5,5,6,8:16
1,3,3,6,6,7,7,7,8,10:29
2,2,2,2,3,3,3,5,5,7:17
1,2,5,5,6,7,7,8,9,10:30
3,4,4,6,6,6,7,8,8,8:30
2,3,5,6,6,6,6,6,7,7:27
1,2,2,2,2,5,5,7,8,8:21
2,4,5,6,6,7,7,9,10,10:33
1,2,2,4,6,6,6,7,7,7:24
1,1,3,4,4,5,6,8,9,9:25
1,2,3,4,4,5,7,8,9,9:26
1,1,1,2,3,3,3,4,7,9:17
3,4,5,5,5,7,8,8,9,10:32
2,2,4,5,5,7,8,9,10,10:31
2,2,2,3,5,5,7,7,9,10:26
1,2,2,2,3,5,5,8,8,8:22
1,1,1,3,4,6,6,6,6,6:20
1,1,2,4,4,5,5,6,6,10:22
2,2,7,7,7,8,8,9,9,9:34
2,4,4,5,5,5,9,9,9,10:31
1,2,2,2,2,7,7,7,10,10:25
2,3,4,5,5,5,6,7,7,10:27
1,3,3,5,5,7,7,7,8,10:28
3,3,4,4,5,6,7,8,8,8:28
1,2,2,3,3,6,7,8,8,10:25
2,2,3,3,3,5,7,7,8,10:25
1,2,3,3,4,6,7,8,8,10:26
1,1,1,3,4,5,6,6,7,10:22
1,4,4,4,7,8,9,9,10,10:33
3,3,3,4,5,5,6,7,7,9:26
2,3,4,4,7,7,7,7,9,10:30
3,4,4,5,6,6,7,7,8,10:30
1,2,4,5,5,6,6,6,7,8:25
2,3,5,5,6,6,7,8,8,10:30
1,3,3,6,6,6,6,7,7,7:26
3,3,4,4,5,5,6,6,8,8:26
1,3,3,3,5,5,6,6,8,10:25
6,6,6,7,7,8,8,10,10,10:39
1,2,3,3,4,4,7,8,8,8:24
1,2,3,3,3,3,4,7,9,9:22
1,2,3,3,5,5,7,9,9,10:27
1,4,4,4,5,6,7,8,9,10:29
3,4,4,5,6,7,7,7,8,9:30
4,6,6,7,8,8,9,10,10,10:39
1,2,3,4,5,6,7,9,9,10:28
1,2,3,3,3,3,3,7,9,10:22
2,2,3,3,3,4,7,8,8,10:25
3,3,3,3,4,4,4,5,9,10:24
1,1,2,4,7,7,8,8,8,10:28
1,2,2,2,5,5,7,8,8,10:25
1,2,2,3,3,5,5,6,7,8:21
1,3,4,5,5,6,6,7,8,9:27
1,1,2,5,6,6,8,9,10,10:29
1,1,2,3,3,4,5,7,10,10:23
3,6,6,6,6,7,7,7,8,10:33
2,2,4,4,8,8,8,8,9,9:31
3,3,5,5,5,5,5,8,9,10:29
1,2,2,4,4,6,7,7,9,10:26
1,2,3,4,4,4,5,6,8,9:23
1,1,2,3,6,6,6,8,9,10:26
4,4,4,5,5,5,6,6,7,8:27
3,4,6,6,6,7,8,8,8,10:33
1,4,4,4,5,5,6,8,8,9:27
2,3,4,4,5,6,7,8,8,9:28
2,3,4,4,4,6,6,7,10,10:28
1,2,7,7,7,9,9,10,10,10:36
2,2,2,5,8,8,8,9,10,10:32
3,4,6,6,8,9,9,9,10,10:37
2,3,3,4,5,5,6,7,9,10:27
1,1,3,4,6,6,6,6,9,10:26
1,2,4,4,5,6,6,7,8,9:26
1,2,2,3,6,6,10,10,10,10:30
1,2,2,3,3,3,5,7,9,9:22
1,2,4,4,4,7,7,8,8,9:27
1,1,2,5,6,7,7,8,9,10:28
1,2,5,5,5,6,6,8,9,9:28
2,3,4,5,5,6,7,9,9,10:30
1,2,2,3,4,5,7,8,8,8:24
1,2,3,3,3,4,5,5,8,10:22
1,2,2,3,4,4,7,9,10,10:26
2,3,3,3,4,4,5,6,8,10:24
1,2,2,3,3,5,7,8,9,10:25
1,3,4,6,7,7,9,9,10,10:33
2,3,3,3,6,6,8,9,9,9:29
1,2,3,5,8,9,9,9,10,10:33
1,3,5,5,5,6,7,8,10,10:30
1,1,3,3,5,6,7,8,8,10:26
1,2,3,4,5,7,8,8,9,9:28
2,3,4,4,5,6,6,6,10,10:28
3,3,4,5,5,7,9,9,9,10:32
1,1,2,4,6,6,6,7,9,10:26
2,2,4,4,5,5,7,9,10,10:29
4,5,5,5,5,8,8,10,10,10:35
1,2,3,6,6,7,7,9,9,10:30
1,1,1,1,2,2,3,3,4,6:12
1,5,5,5,6,7,7,7,7,8:29
1,2,2,2,2,3,5,5,9,9:20
1,4,5,7,7,8,8,8,9,9:33
1,1,4,5,6,7,9,9,10,10:31
1,2,4,4,5,6,8,10,10,10:30
1,1,1,2,4,5,6,7,9,10:23
1,1,2,4,6,6,6,10,10,10:28
1,2,3,3,5,6,7,7,10,10:27
1,1,3,3,6,7,7,8,8,10:27
1,1,3,4,4,4,8,9,10,10:27
2,2,2,3,4,7,8,8,9,9:27
2,3,3,5,5,6,6,8,8,8:27
2,2,3,4,5,6,6,9,9,10:28
1,2,3,3,5,6,8,8,10,10:28
1,3,4,4,5,6,7,8,8,8:27
2,4,4,4,4,5,6,7,8,10:27
1,2,3,5,5,6,8,10,10,10:30
2,3,5,5,6,7,7,7,10,10:31
5,5,6,6,7,8,8,9,10,10:37
1,2,3,4,4,5,5,6,8,10:24
1,3,3,4,4,6,7,8,10,10:28
1,3,4,4,5,5,5,7,7,9:25
1,1,2,2,4,5,6,7,10,10:24
1,2,3,3,3,4,4,6,8,8:21
1,2,5,5,9,9,9,10,10,10:35
1,5,5,5,6,8,9,9,10,10:34
2,4,4,4,6,6,6,7,9,10:29
1,2,2,3,3,4,4,5,9,9:21
1,2,2,2,2,3,5,5,6,8:18
1,2,5,5,6,6,6,7,7,9:27
2,2,4,4,4,5,5,6,7,9:24
1,2,2,3,5,6,6,7,9,9:25
1,1,2,3,3,4,4,7,8,9:21
1,2,2,3,3,3,6,8,10,10:24
1,1,3,4,5,6,7,7,8,10:26
1,1,3,4,5,5,8,9,9,9:27
1,3,4,5,6,8,9,9,9,10:32
1,1,2,3,5,6,6,7,7,8:23
1,2,2,4,4,5,7,8,9,10:26
2,4,5,6,6,9,9,9,10,10:35
1,3,3,3,6,8,9,9,9,9:30
2,3,4,4,4,5,7,9,10,10:29
2,3,3,7,7,7,7,7,9,10:31
2,3,4,5,6,7,7,9,9,10:31
2,2,4,5,6,8,8,9,10,10:32
2,3,7,7,8,8,9,9,9,10:36
1,1,2,2,2,2,3,3,5,7:14
1,2,5,6,7,8,9,9,9,10:33
2,2,4,6,8,8,9,9,10,10:34
2,2,3,3,6,7,9,10,10,10:31
2,3,5,6,7,7,8,9,9,10:33
2,3,4,4,4,5,9,9,10,10:30
1,2,2,2,5,6,7,7,7,9:24
2,4,5,7,8,8,8,8,9,9:34
2,3,3,4,7,9,9,9,10,10:33
3,4,4,5,6,6,6,7,7,10:29
4,4,5,5,7,7,7,8,8,9:32
3,6,7,7,7,7,8,8,9,10:36
1,2,3,3,3,6,6,7,8,9:24
1,1,3,5,6,9,9,9,9,10:31
2,4,4,6,6,7,8,9,10,10:33
2,4,5,6,6,6,7,7,9,10:31
1,2,2,4,5,6,7,8,8,9:26
1,3,3,5,6,6,7,9,10,10:30
1,2,3,4,5,7,7,9,10,10:29
1,1,3,5,5,6,7,8,9,9:27
1,3,3,4,6,6,7,8,8,10:28
2,2,2,3,4,5,8,8,8,10:26
4,4,5,6,6,7,9,9,10,10:35
2,2,2,2,5,5,6,6,10,10:25
1,1,2,2,3,4,5,8,8,8:21
1,1,2,2,2,3,3,5,8,9:18
1,2,3,4,7,7,8,8,8,8:28
1,1,1,1,3,5,6,6,7,9:20
1,1,4,6,6,6,6,8,9,9:28
1,2,3,3,6,7,7,8,8,9:27
1,3,4,4,5,8,9,10,10,10:32
2,2,3,4,4,5,6,8,8,10:26
4,4,5,6,7,8,9,9,10,10:36
1,2,3,3,4,6,7,8,8,8:25
2,3,4,4,7,7,7,8,10,10:31
3,4,5,7,7,10,10,10,10,10:38
1,1,4,5,6,6,7,7,8,9:27
1,2,2,2,4,6,7,9,9,10:26
5,6,6,6,6,7,8,9,9,10:36
1,3,4,5,6,8,8,9,10,10:32
2,4,5,5,8,9,9,10,10,10:36
1,2,3,3,3,4,6,6,10,10:24
1,1,2,5,5,6,7,8,9,10:27
1,1,2,2,3,4,7,7,8,9:22
1,2,2,3,5,5,6,6,10,10:25
3,4,5,6,6,6,6,8,9,9:31
2,3,4,4,5,7,8,9,10,10:31
1,2,2,2,6,6,7,9,9,10:27
1,1,2,3,3,3,4,9,10,10:23
2,2,2,3,4,4,9,9,9,10:27
3,4,6,6,6,8,8,9,9,9:34
1,1,2,3,5,5,6,7,9,9:24
1,1,3,4,5,5,6,8,9,10:26
1,1,2,2,2,3,5,6,7,9:19
2,5,5,6,6,7,7,9,9,10:33
1,2,4,4,5,5,9,10,10,10:30
1,2,2,3,3,4,4,9,10,10:24
2,3,3,3,3,6,6,10,10,10:28
1,1,3,4,4,6,7,7,9,10:26
3,3,4,5,6,6,7,8,8,10:30
4,5,5,5,5,6,6,6,10,10:31
4,5,6,6,7,8,9,9,10,10:37
1,2,5,5,6,7,8,8,10,10:31
3,3,4,4,5,5,8,10,10,10:31
1,1,3,5,5,8,9,10,10,10:31
1,1,3,4,5,5,6,6,8,9:24
4,4,4,5,7,7,8,9,10,10:34
1,1,5,5,6,7,7,9,9,10:30
3,6,7,7,8,9,9,9,10,10:39
2,3,5,6,7,7,8,8,9,9:32
1,2,3,3,5,6,7,8,9,10:27
2,5,5,6,7,7,7,7,10,10:33
1,2,5,5,5,6,7,7,7,7:26
1,1,3,5,6,7,9,9,9,10:30
1,1,4,5,8,9,10,10,10,10:34
1,3,4,4,6,7,7,8,10,10:30
5,7,7,7,7,9,10,10,10,10:41
1,2,3,3,3,4,4,5,7,10:21
2,2,4,5,5,7,7,7,8,9:28
2,5,7,8,8,9,9,9,9,10:38
2,3,5,6,8,8,9,9,9,9:34
2,3,3,3,7,7,9,10,10,10:32
3,5,5,6,7,7,8,8,9,10:34
1,1,4,4,6,8,8,9,9,10:30
1,2,2,3,4,6,6,6,8,8:23
2,3,3,5,5,5,6,9,9,9:28
1,1,2,4,6,7,7,8,9,9:27
1,2,2,3,5,5,5,6,6,7:21
2,3,3,4,8,8,9,9,9,9:32
1,1,1,2,3,5,6,9,10,10:24
2,2,3,4,6,7,8,8,8,10:29
3,3,4,5,5,8,9,9,10,10:33
2,3,4,5,6,6,7,8,9,10:30
1,2,4,4,5,5,5,6,7,7:23
1,2,3,3,3,5,5,6,7,9:22
1,1,1,4,5,5,7,7,7,10:24
1,2,4,5,5,5,6,6,10,10:27
2,2,4,4,5,5,5,6,8,9:25
1,1,2,4,5,6,7,8,10,10:27
2,4,5,6,7,8,8,8,10,10:34
1,2,6,6,7,7,8,8,9,10:32
1,2,3,3,3,4,6,6,8,8:22
1,3,3,4,5,7,7,7,7,8:26
1,1,2,3,3,4,5,6,8,9:21
1,1,3,6,6,7,8,8,8,10:29
2,5,5,6,7,7,8,10,10,10:35
2,4,7,9,9,9,10,10,10,10:40
1,4,4,5,5,7,8,10,10,10:32
2,3,5,6,6,6,7,8,9,10:31
2,4,6,6,7,7,8,8,10,10:34
1,1,4,4,5,6,8,9,9,9:28
1,1,2,2,3,4,5,6,6,10:20
1,1,2,2,4,7,7,8,10,10:26
3,3,3,4,7,8,8,9,9,10:32
1,1,2,4,5,5,6,9,9,10:26
2,2,4,6,6,7,8,8,9,10:31
1,2,2,3,4,5,6,9,9,9:25
2,2,3,6,8,8,9,10,10,10:34
1,2,3,3,3,4,6,6,6,10:22
1,2,2,3,4,5,7,8,8,10:25
3,3,7,7,8,9,9,10,10,10:38
1,3,3,4,4,5,6,10,10,10:28
1,1,2,2,5,5,5,7,7,9:22
1,3,4,4,5,6,7,8,10,10:29
3,3,4,4,6,6,7,7,9,9:29
2,3,4,5,6,6,8,8,9,9:30
2,3,3,3,6,7,8,8,9,9:29
2,4,4,4,5,6,6,7,9,9:28
1,2,2,3,6,7,7,8,9,9:27
5,6,6,6,6,7,8,10,10,10:37
1,3,4,5,6,6,8,9,10,10:31
2,4,4,5,6,7,7,8,9,10:31
1,3,3,3,4,6,6,8,9,9:26
1,2,2,3,6,6,7,8,8,9:26
1,2,2,3,4,8,8,8,8,10:27
1,2,3,4,5,5,6,7,7,10:25
1,2,2,3,4,4,5,6,7,8:21
1,5,6,8,9,9,10,10,10,10:39
1,2,5,5,5,6,7,7,8,8:27
1,2,2,3,9,9,9,9,10,10:32
3,5,5,6,7,9,9,9,9,10:36
1,1,2,3,3,4,4,5,5,6:17
1,1,3,3,3,5,6,7,7,10:23
1,3,4,4,4,5,5,7,9,10:26
1,5,5,5,6,7,7,7,8,9:30
4,4,5,6,6,7,7,8,9,10:33
1,2,5,6,7,7,9,9,10,10:33
1,2,5,6,6,8,8,8,8,10:31
2,3,4,5,6,8,9,9,9,9:32
4,5,5,6,6,7,9,10,10,10:36
1,1,2,2,2,4,4,5,6,9:18
3,4,4,5,6,6,7,7,7,9:29
1,1,3,3,4,5,5,6,8,10:23
1,2,5,5,7,7,8,9,10,10:32
1,1,2,4,5,6,6,7,10,10:26
1,1,4,5,6,7,8,8,9,9:29
1,1,2,3,4,5,8,10,10,10:27
2,4,4,4,5,6,7,9,9,10:30
2,2,3,5,5,5,8,9,9,10:29
2,3,4,4,5,5,5,5,6,9:24
1,5,6,6,7,7,8,8,10,10:34
1,2,3,3,5,6,7,8,8,9:26
3,3,4,6,6,7,7,8,8,10:31
1,1,1,2,4,5,6,6,8,10:22
2,2,3,3,6,7,8,8,8,9:28
5,5,6,7,7,7,7,8,8,10:35
2,3,3,4,4,4,4,4,7,9:22
2,2,3,5,6,6,7,8,9,10:29
1,2,2,2,2,2,3,5,6,9:17
2,4,4,5,5,7,8,8,9,10:31
1,1,5,5,5,7,7,9,9,9:29
1,2,3,5,6,7,9,9,10,10:31
2,2,3,3,7,7,8,8,9,9:29
2,3,3,3,4,4,6,6,8,9:24
1,3,4,4,6,6,8,8,10,10:30
1,1,2,3,6,6,7,7,9,10:26
1,3,4,5,6,7,8,9,9,10:31
1,2,3,4,4,5,5,6,6,6:21
1,2,3,4,6,6,8,10,10,10:30
1,3,3,4,7,8,8,9,9,10:31
3,3,4,5,9,9,9,10,10,10:36
2,3,3,4,5,5,6,9,9,10:28
1,1,2,2,5,7,8,8,10,10:27
1,3,3,3,4,7,9,10,10,10:30
6,7,7,7,7,8,9,9,9,9:39
1,5,5,6,7,7,9,9,9,10:34
2,4,5,5,6,7,7,8,9,9:31
3,3,4,5,5,6,7,8,9,10:30
1,2,2,2,3,4,6,7,9,10:23
3,3,3,4,6,7,7,8,9,10:30
1,1,2,3,3,7,8,9,9,9:26
2,2,2,3,3,5,6,7,10,10:25
1,4,4,5,5,9,9,9,10,10:33
2,6,6,6,6,6,6,7,7,10:31
1,2,2,3,3,3,4,5,7,8:19
1,1,2,4,4,4,5,5,8,10:22
2,3,4,5,5,5,6,6,7,9:26
3,3,4,5,5,8,8,9,9,10:32
1,1,3,4,4,5,5,5,6,8:21
1,3,3,3,5,5,5,6,6,9:23
1,1,2,3,3,5,7,7,9,10:24
5,5,6,6,6,7,7,8,8,10:34
2,2,3,6,6,8,9,9,9,10:32
1,3,3,4,4,5,6,8,8,8:25
1,1,1,3,6,6,7,9,9,9:26
1,2,3,4,4,6,8,9,9,10:28
2,3,4,5,6,8,8,10,10,10:33
2,5,6,7,8,8,8,8,10,10:36
1,2,3,4,4,5,5,6,7,7:22
1,4,4,5,7,7,8,8,9,9:31
2,3,3,4,4,6,6,7,9,10:27
1,1,2,2,4,6,7,9,9,9:25
2,3,4,4,6,7,9,9,10,10:32
1,2,3,4,4,6,9,9,10,10:29
3,3,5,5,5,6,8,8,8,9:30
2,4,7,7,7,8,8,9,9,9:35
1,2,3,3,5,5,6,7,8,10:25
2,3,3,4,4,7,9,10,10,10:31
2,2,3,3,4,4,5,6,9,10:24
1,5,5,5,6,7,7,8,8,10:31
1,3,3,5,6,6,7,7,9,9:28
1,1,3,4,5,6,6,6,8,10:25
1,2,3,4,5,6,7,7,9,10:27
1,4,5,5,5,6,7,9,10,10:31
2,3,4,7,7,7,7,7,8,8:30
1,2,2,3,3,4,5,6,9,9:22
2,3,3,4,4,5,5,6,6,8:23
1,1,1,1,2,4,6,7,9,10:21
1,1,2,5,6,6,7,7,8,9:26
1,2,2,3,3,3,4,5,7,10:20
5,5,6,6,7,7,7,8,9,10:35
1,1,2,2,3,5,6,7,9,10:23
2,4,5,6,6,7,7,8,8,9:31
3,4,4,5,6,6,7,7,10,10:31
1,2,2,5,5,5,7,7,8,8:25
1,1,3,3,3,7,7,8,9,10:26
3,3,4,6,7,7,8,8,10,10:33
1,1,1,3,3,5,6,7,8,9:22
3,3,6,6,7,7,8,8,10,10:34
1,2,5,6,6,8,9,9,10,10:33
2,4,6,6,7,8,8,8,8,9:33
2,3,5,5,5,6,7,9,10,10:31
1,1,2,3,4,5,8,8,9,9:25
2,2,2,4,9,9,9,9,10,10:33
3,4,4,4,4,6,6,7,8,8:27
1,1,2,5,6,7,8,8,9,9:28
2,4,4,4,6,6,7,7,7,9:28
1,2,2,3,4,4,4,4,8,8:20
1,1,4,5,5,6,7,8,9,10:28
1,2,4,5,8,8,9,9,10,10:33
2,3,3,5,5,7,9,9,9,10:31
1,2,4,7,8,8,9,9,10,10:34
1,1,2,2,2,7,8,9,10,10:26
2,3,4,5,5,5,7,7,10,10:29
1,1,1,1,1,2,2,3,6,8:13
1,3,3,3,4,6,7,7,8,10:26
4,5,5,5,6,6,6,7,8,8:30
1,2,3,6,6,7,7,7,9,10:29
1,1,4,4,6,6,6,7,8,9:26
2,2,3,4,4,4,7,8,9,9:26
1,1,1,4,4,6,6,7,7,7:22
2,4,4,5,6,7,7,9,10,10:32
1,2,2,3,3,5,8,10,10,10:27
2,2,3,6,6,6,6,9,10,10:30
3,4,5,6,6,6,8,8,10,10:33
5,5,6,7,7,7,9,10,10,10:38
1,3,4,4,6,7,8,8,9,10:30
1,4,4,4,5,5,6,7,8,8:26
2,2,4,5,6,8,9,10,10,10:33
1,1,2,4,5,5,5,5,7,9:22
4,4,4,5,6,7,8,8,9,9:32
1,2,3,4,6,7,7,9,9,10:29
1,1,1,4,4,6,8,9,10,10:27
1,4,4,6,7,8,9,9,10,10:34
1,1,2,5,7,7,7,8,8,10:28
1,1,3,3,3,5,6,8,9,9:24
1,1,1,2,3,4,4,6,6,8:18
1,1,2,5,7,8,8,9,9,10:30
2,2,2,3,6,7,7,8,9,10:28
2,3,3,5,5,6,6,7,9,10:28
2,3,4,5,5,6,7,8,9,9:29
2,3,4,4,5,6,7,8,9,10:29
2,3,4,4,4,5,5,6,8,9:25
4,5,5,5,6,7,8,9,9,10:34
1,2,2,3,4,4,6,6,8,10:23
3,4,4,4,4,5,7,7,7,9:27
3,5,7,7,7,8,8,8,9,10:36
2,3,3,4,5,6,7,8,10,10:29
1,1,1,4,6,7,7,8,8,9:26
1,1,1,2,5,5,6,7,10,10:24
1,1,1,3,3,4,4,7,8,10:21
3,3,4,4,5,7,7,7,8,8:28
1,1,2,3,3,6,8,9,9,10:26
1,2,4,5,7,7,8,8,8,8:29
1,3,5,6,6,6,7,7,8,9:29
1,5,5,6,6,9,9,9,10,10:35
1,2,2,3,3,4,5,6,8,8:21
2,2,3,3,5,6,6,7,9,9:26
1,2,3,4,4,5,5,8,10,10:26
1,2,3,5,7,8,10,10,10,10:33
3,4,7,7,8,9,10,10,10,10:39
3,5,6,6,7,8,8,9,10,10:36
2,2,5,7,7,7,8,8,8,10:32
1,2,3,3,4,6,6,8,9,10:26
1,2,3,3,4,6,8,8,9,10:27
1,2,3,5,7,7,7,8,8,10:29
2,3,3,5,5,7,8,8,9,10:30
1,3,4,4,5,6,6,6,7,10:26
1,1,3,5,6,7,7,9,9,10:29
2,4,5,6,7,8,10,10,10,10:36
3,3,3,3,4,4,5,5,6,6:21
1,2,2,2,4,4,4,6,8,9:21
1,3,3,4,4,5,5,8,9,10:26
2,4,4,5,7,7,7,10,10,10:33
1,2,2,2,3,3,5,6,7,7:19
1,2,3,3,3,4,7,7,7,9:23
2,3,3,4,4,5,7,9,9,10:28
1,2,2,4,4,4,6,8,8,9:24
2,2,4,4,5,7,7,9,10,10:30
1,3,3,5,6,6,6,7,8,9:27
4,6,6,7,9,10,10,10,10,10:41
2,2,3,3,5,5,6,6,7,9:24
1,2,2,3,4,7,7,9,9,10:27
4,4,5,6,7,8,8,9,9,10:35
1,4,5,5,5,6,8,8,10,10:31
3,3,4,6,6,6,6,7,8,9:29
4,4,5,5,6,9,9,10,10,10:36
3,4,4,6,7,8,9,9,10,10:35
2,3,6,7,8,8,9,9,10,10:36
1,1,3,4,5,8,8,9,9,10:29
2,2,3,4,4,5,6,6,6,8:23
1,1,5,5,5,7,7,8,8,9:28
1,1,1,1,1,2,3,5,6,7:14
1,3,4,6,6,7,8,9,9,9:31
2,2,4,5,5,6,9,9,10,10:31
3,3,4,5,5,6,6,8,8,8:28
1,1,1,3,3,4,5,5,8,9:20
1,2,3,3,6,6,7,7,9,10:27
2,2,2,3,4,4,6,6,7,10:23
2,3,4,5,6,6,6,7,7,8:27
3,3,4,6,6,7,7,8,9,9:31
3,4,7,7,8,8,8,9,9,9:36
1,2,2,3,3,5,8,9,9,10:26
1,4,6,7,7,7,8,10,10,10:35
1,2,3,4,5,7,8,9,9,10:29
5,5,5,6,7,7,8,8,8,9:34
1,3,5,6,6,6,7,7,7,8:28
2,4,6,6,7,7,8,8,8,10:33
1,2,3,5,6,6,7,10,10,10:30
4,5,6,6,7,7,8,8,9,10:35
2,2,2,2,4,6,6,7,9,10:25
1,2,3,3,4,4,6,6,8,9:23
1,2,3,3,4,6,8,9,10,10:28
2,2,3,3,3,6,7,7,7,10:25
1,3,5,5,6,6,7,8,8,9:29
2,4,4,5,6,7,8,8,8,10:31
1,2,2,2,3,3,4,6,9,10:21
2,6,6,7,8,8,9,10,10,10:38
1,3,3,3,5,5,6,6,6,6:22
1,1,2,2,3,3,5,8,8,9:21
1,2,2,3,4,5,5,7,7,10:23
2,3,3,4,4,4,6,7,9,10:26
2,3,3,4,5,7,7,8,9,10:29
1,1,3,3,6,7,7,8,9,9:27
1,2,2,4,5,7,7,9,9,10:28
1,2,4,5,6,6,8,8,9,9:29
2,5,5,5,6,7,8,10,10,10:34
2,4,5,5,6,7,7,7,8,9:30
2,2,3,4,5,6,6,8,8,10:27
1,1,1,4,4,6,6,7,9,9:24
2,3,4,4,4,5,6,7,8,9:26
1,1,3,4,5,5,6,6,7,8:23
1,2,5,6,6,7,8,9,9,9:31
1,3,4,5,6,6,6,9,10,10:30
1,2,2,3,4,5,6,8,9,10:25
1,2,3,4,5,5,7,7,8,8:25
3,5,5,5,6,6,7,7,8,10:31
2,3,3,5,5,7,7,7,8,9:28
1,2,3,5,5,6,6,8,8,10:27
2,3,3,4,4,5,7,7,8,9:26
5,5,6,6,6,7,8,9,9,9:35
1,1,1,3,6,6,8,8,9,9:26
3,5,5,5,6,7,8,8,8,9:32
2,2,3,4,5,6,10,10,10,10:31
2,2,2,3,4,4,7,9,9,10:26
2,3,4,7,8,8,10,10,10,10:36
1,1,2,3,4,8,8,9,9,9:27
1,1,1,2,3,3,6,7,8,8:20
2,3,5,6,6,7,8,8,9,10:32
1,5,5,6,6,6,6,7,8,10:30
3,4,4,6,8,8,8,9,9,9:34
1,2,4,4,5,5,6,7,10,10:27
1,1,2,2,3,4,5,7,9,10:22
2,4,6,6,6,7,7,7,9,10:32
1,1,2,2,3,3,4,6,7,7:18
1,2,3,5,6,7,8,8,8,8:28
3,6,6,6,6,7,7,7,7,9:32
2,2,3,3,4,6,7,8,8,9:26
2,2,7,7,8,8,8,8,9,9:34
1,1,2,3,4,4,6,6,9,10:23
1,2,2,3,5,7,8,8,9,9:27
1,2,3,5,5,7,7,7,9,10:28
1,1,2,2,4,7,8,8,9,10:26
1,5,5,5,7,7,8,8,9,9:32
3,4,7,8,8,8,9,9,10,10:38
1,2,3,5,6,6,6,8,9,10:28
1,1,2,4,4,6,8,9,9,10:27
2,3,3,4,5,6,6,8,9,10:28
1,2,2,3,4,4,6,8,8,10:24
2,3,3,4,5,6,7,7,7,8:26
1,2,6,7,9,9,10,10,10,10:37
1,3,4,4,4,4,6,8,8,8:25
1,2,4,5,5,6,7,8,8,10:28
1,2,2,2,4,4,6,6,6,7:20
1,2,4,4,5,6,6,7,9,10:27
2,2,5,5,5,6,6,6,8,9:27
3,3,3,4,4,5,6,8,10,10:28
6,6,7,7,7,8,9,9,9,10:39
2,3,5,6,6,6,8,8,8,8:30
1,1,4,4,4,4,6,7,9,10:25
1,3,5,5,7,8,8,9,10,10:33
1,1,2,3,3,3,6,7,8,10:22
1,1,2,3,5,5,6,7,8,10:24
2,2,3,5,7,8,8,9,10,10:32
1,2,2,2,3,4,5,5,7,7:19
2,3,3,4,5,6,6,6,9,10:27
1,1,2,3,4,5,6,7,9,10:24
3,4,5,7,7,7,9,10,10,10:36
2,2,2,2,3,3,5,5,6,6:18
1,2,2,4,6,7,7,7,8,8:26
1,2,6,7,9,9,9,9,10,10:36
2,2,2,3,3,4,6,6,7,9:22
3,4,4,4,7,7,7,8,10,10:32
1,2,2,3,4,6,6,7,8,9:24
1,2,3,3,3,5,7,7,8,9:24
3,4,4,4,4,5,6,7,7,10:27
1,1,2,4,5,5,6,6,10,10:25
1,1,2,2,3,4,4,6,9,10:21
1,2,2,3,4,4,5,7,8,10:23
1,4,4,4,5,9,9,10,10,10:33
3,4,4,5,6,7,9,9,9,10:33
1,2,3,5,7,8,8,8,9,9:30
1,3,3,3,5,7,8,8,9,9:28
1,5,5,5,6,9,9,9,9,10:34
2,6,6,7,7,7,8,9,9,9:35
1,2,2,3,4,4,5,6,9,10:23
1,4,4,4,7,7,7,8,8,10:30
1,3,3,4,4,5,6,7,7,8:24
1,2,2,3,5,5,6,8,10,10:26
2,2,2,2,4,5,7,8,9,9:25
1,2,3,4,6,7,7,7,8,9:27
2,4,4,4,6,7,8,8,9,10:31
2,3,4,4,4,4,6,6,7,10:25
3,3,5,7,7,7,8,10,10,10:35
1,2,2,5,5,6,6,7,8,10:26
2,2,6,6,6,7,7,8,8,10:31
1,1,5,5,6,7,9,9,9,10:31
3,4,4,4,5,6,6,7,8,9:28
1,1,5,5,5,5,5,7,8,10:26
1,1,2,2,3,4,5,5,9,10:21
1,2,6,8,8,8,9,9,9,10:35
1,1,2,2,4,5,5,6,7,7:20
1,2,2,3,5,8,9,10,10,10:30
1,1,3,3,5,5,5,5,8,8:22
2,3,3,4,8,8,9,9,10,10:33
1,2,3,6,7,9,9,9,10,10:33
3,4,4,5,6,7,7,8,10,10:32
1,2,4,5,6,7,7,10,10,10:31
1,2,4,5,7,8,9,9,9,10:32
1,2,4,5,5,6,9,10,10,10:31
1,1,1,4,5,7,7,7,9,10:26
1,1,3,3,4,5,6,7,9,9:24
2,2,2,3,4,5,7,9,9,9:26
1,4,4,5,7,8,9,10,10,10:34
1,3,4,5,6,7,7,8,9,10:30
1,1,2,2,4,4,4,9,9,10:23
1,2,3,3,6,7,7,7,9,9:27
1,1,2,3,3,4,5,6,6,9:20
6,6,6,7,7,8,8,9,9,10:38
1,4,4,6,6,7,7,9,10,10:32
1,2,3,4,4,4,6,7,7,8:23
1,1,2,3,4,4,5,5,9,10:22
2,4,4,5,6,6,9,10,10,10:33
2,3,4,5,6,7,7,7,9,10:30
1,2,5,5,5,6,8,8,9,9:29
3,3,3,4,5,5,6,6,8,9:26
2,2,2,3,4,4,4,5,8,10:22
3,4,5,6,7,7,9,9,10,10:35
1,1,3,3,5,5,5,9,10,10:26
1,3,3,5,5,6,7,7,8,9:27
1,2,2,5,5,9,10,10,10,10:32
2,4,5,6,6,7,8,8,8,10:32
1,3,3,5,5,7,7,9,9,9:29
1,2,5,6,6,6,9,9,10,10:32
2,3,4,6,6,6,7,8,10,10:31
2,3,5,5,5,7,9,10,10,10:33
1,1,1,5,5,6,7,8,8,8:25
1,4,4,5,6,7,7,10,10,10:32
1,2,2,3,4,5,6,7,8,8:23
2,4,6,6,8,8,8,10,10,10:36
1,2,2,2,3,4,5,6,7,10:21
1,3,4,4,5,5,7,8,9,10:28
1,3,4,7,7,8,9,9,10,10:34
1,4,5,5,5,6,7,7,9,9:29
1,2,2,4,5,5,7,10,10,10:28
4,6,7,7,7,8,8,8,9,10:37
2,2,3,3,3,5,6,6,8,10:24
1,1,5,7,8,8,9,9,10,10:34
3,3,4,7,7,7,8,8,9,10:33
1,2,4,5,6,8,8,9,9,10:31
1,1,2,3,4,4,5,5,5,8:19
1,1,6,6,6,7,8,8,9,10:31
1,3,3,3,4,5,6,7,9,9:25
1,2,3,3,4,7,8,8,10,10:28
1,2,3,4,6,6,7,9,10,10:29
1,2,2,2,3,3,4,6,6,7:18
3,4,5,5,6,7,7,8,9,10:32
3,4,5,5,5,6,7,7,9,9:30
2,2,7,7,8,8,9,9,10,10:36
1,2,2,4,5,6,7,7,9,9:26
2,4,4,5,6,7,7,8,8,9:30
1,3,4,4,6,6,7,7,8,8:27
1,2,2,2,5,5,5,6,7,7:21
1,2,3,3,6,6,8,9,10,10:29
2,5,8,8,8,8,9,9,9,10:38
2,2,5,5,6,6,7,7,9,9:29
2,2,4,4,5,5,5,7,8,10:26
1,1,4,5,7,8,8,8,8,10:30
2,3,4,4,4,6,7,9,9,10:29
1,3,3,3,6,6,8,9,9,10:29
1,1,1,2,4,5,6,6,6,8:20
1,2,3,3,6,6,8,9,9,9:28
2,2,7,7,7,8,8,9,10,10:35
2,5,5,5,5,6,7,8,8,9:30
1,3,3,4,5,5,5,8,8,10:26
1,3,4,4,4,7,9,10,10,10:31
2,2,2,3,3,3,4,5,10,10:22
3,3,3,4,4,5,9,9,10,10:30
1,1,1,2,5,6,9,9,10,10:27
1,2,4,5,5,7,8,9,9,10:30
4,4,5,5,5,6,8,8,9,10:32
1,2,3,4,5,6,7,7,8,9:26
1,2,4,6,6,7,7,8,9,10:30
3,6,6,7,7,9,9,9,10,10:38
1,1,2,2,2,4,6,6,7,9:20
1,4,4,4,5,5,6,6,6,9:25
3,3,3,4,6,6,6,6,8,9:27
2,4,4,4,5,5,6,7,7,8:26
1,4,5,6,7,8,8,9,10,10:34
1,1,2,5,5,6,6,8,8,10:26
1,1,1,3,6,7,9,10,10,10:29
1,1,2,2,4,4,4,4,8,8:19
1,1,1,2,2,5,6,7,8,9:21
5,5,6,6,6,6,6,7,9,10:33
1,1,2,5,6,8,8,9,9,9:29
3,5,5,5,5,6,9,10,10,10:34
1,1,2,4,6,7,8,8,9,10:28
1,1,2,3,6,7,8,9,9,10:28
1,2,2,3,4,5,8,8,8,9:25
1,2,2,3,4,5,6,7,8,10:24
2,3,3,5,6,7,7,7,8,10:29
2,2,3,3,4,4,8,9,9,10:27
1,2,4,5,6,8,9,9,10,10:32
1,1,2,3,4,5,7,8,9,10:25
2,4,4,7,8,8,9,9,9,10:35
3,4,4,5,5,6,6,7,8,10:29
3,4,6,6,7,8,8,8,10,10:35
1,3,3,3,4,4,4,5,6,7:20
2,2,3,4,5,5,6,9,10,10:28
2,2,5,6,7,7,8,8,8,9:31
2,3,3,4,5,7,9,9,10,10:31
2,3,5,6,6,7,8,9,9,9:32
1,2,3,3,6,6,7,8,10,10:28
1,4,5,5,6,7,8,10,10,10:33
1,2,2,3,3,5,5,6,7,10:22
1,3,4,6,6,6,7,8,9,10:30
1,1,2,2,4,4,5,6,9,10:22
1,4,7,7,7,7,8,8,9,10:34
1,2,5,6,6,6,7,8,8,9:29
1,1,4,5,6,8,9,9,9,10:31
4,5,5,6,8,8,8,9,9,10:36
1,1,2,2,2,2,3,6,7,10:18
5,6,6,6,8,8,8,8,8,9:36
1,2,2,2,4,8,8,8,9,10:27
1,3,4,4,6,6,9,9,10,10:31
4,4,5,8,9,9,9,10,10,10:39
1,4,5,7,8,8,9,10,10,10:36
4,4,6,7,7,8,8,8,9,9:35
2,2,2,2,2,4,5,6,9,10:22
1,1,2,3,3,4,6,9,9,10:24
2,3,4,4,5,5,8,8,9,10:29
2,4,4,5,5,6,7,8,8,9:29
1,1,4,5,5,6,8,10,10,10:30
1,1,2,3,3,5,5,7,9,10:23
1,2,3,5,6,6,8,9,10,10:30
1,2,4,4,5,6,6,6,7,7:24
1,1,2,2,4,5,7,7,7,8:22
1,3,3,4,4,5,7,9,9,9:27
4,5,5,6,6,7,7,8,9,9:33
1,1,3,3,5,6,7,8,9,9:26
3,6,7,8,9,9,10,10,10,10:41
1,2,3,3,5,6,6,6,8,10:25
1,1,3,4,6,7,7,8,8,9:27
2,2,2,3,5,5,6,7,10,10:26
2,2,3,4,5,7,7,8,10,10:29
1,1,1,1,5,6,6,7,8,10:23
2,3,4,6,7,9,9,10,10,10:35
2,2,3,3,4,5,6,6,6,7:22
2,2,2,3,4,6,6,8,9,10:26
1,3,3,3,4,4,5,7,9,9:24
1,2,2,3,3,5,6,7,7,8:22
2,2,2,2,3,4,6,7,7,9:22
3,3,6,6,6,6,9,9,10,10:34
4,6,6,8,9,9,9,9,10,10:40
2,2,2,2,3,4,5,6,7,7:20
1,1,2,4,6,6,7,9,10,10:28
1,3,6,7,8,8,8,9,10,10:35
1,1,2,6,6,6,7,8,9,10:28
1,1,1,2,6,7,8,8,9,9:26
1,2,2,4,5,7,8,8,9,10:28
1,2,3,4,5,5,7,8,9,10:27
1,1,1,2,2,3,5,6,9,10:20
1,1,5,6,6,7,7,7,8,8:28
1,4,6,7,8,8,9,9,10,10:36
3,4,4,4,7,7,9,10,10,10:34
2,2,4,7,8,8,9,9,9,10:34
1,1,3,3,3,3,3,6,6,7:18
2,4,4,4,5,6,7,8,8,8:28
1,1,1,2,3,4,6,8,8,10:22
1,4,5,7,8,8,9,9,9,10:35
2,2,2,4,5,5,6,8,9,9:26
1,2,2,4,4,5,5,5,9,9:23
2,4,5,6,6,6,8,9,10,10:33
1,2,2,3,4,4,6,7,8,9:23
1,2,5,5,7,8,8,9,9,10:32
2,2,3,4,4,5,9,9,10,10:29
2,2,3,5,6,7,7,8,9,9:29
1,4,5,6,6,8,10,10,10,10:35
1,3,3,5,8,8,8,8,10,10:32
1,5,6,8,8,8,8,9,9,10:36
2,2,2,3,5,6,8,8,10,10:28
2,4,5,6,7,7,7,8,8,8:31
1,3,4,5,6,8,8,9,9,9:31
1,4,4,5,5,6,7,9,9,10:30
1,2,3,5,5,8,8,10,10,10:31
1,2,2,3,4,4,5,5,6,8:20
1,2,4,4,5,7,7,8,9,9:28
2,2,3,4,6,7,8,9,9,10:30
1,1,1,3,5,6,7,7,8,9:24
2,3,3,4,4,5,5,7,9,10:26
1,3,3,3,7,7,7,7,8,10:28
2,3,3,5,5,5,6,6,7,8:25
1,1,2,3,4,4,7,8,9,9:24
1,1,4,4,4,5,6,7,8,8:24
3,3,4,4,4,5,5,5,9,10:26
3,3,4,6,6,7,8,8,9,10:32
2,4,4,4,5,5,7,8,8,9:28
2,5,6,6,6,6,7,10,10,10:34
1,1,1,1,4,4,7,8,8,9:22
3,4,4,5,6,7,7,7,9,10:31
1,2,4,6,7,7,8,9,9,9:31
2,3,4,4,5,6,6,8,8,8:27
1,1,2,3,5,6,6,7,8,9:24
1,3,3,3,4,5,7,9,9,10:27
1,2,2,2,6,6,8,8,9,10:27
2,3,4,5,5,5,7,7,9,9:28
2,4,4,4,5,5,8,10,10,10:31
1,2,5,6,7,8,8,9,9,9:32
1,1,2,5,5,7,7,9,9,10:28
5,5,5,6,6,6,8,9,10,10:35
2,2,3,4,5,5,6,7,8,10:26
2,3,3,5,6,9,9,9,10,10:33
1,2,3,3,4,4,5,7,9,10:24
1,2,3,3,4,4,4,7,10,10:24
3,4,5,6,6,6,8,8,8,10:32
2,3,4,4,5,5,5,7,8,9:26
1,1,1,2,3,3,7,7,7,10:21
1,2,2,3,4,4,5,5,7,9:21
1,2,4,5,6,6,7,8,8,9:28
4,4,5,6,6,6,7,9,9,10:33
1,1,2,3,5,5,7,9,9,10:26
2,3,3,3,4,5,5,7,8,10:25
5,5,6,7,8,8,9,10,10,10:39
1,1,2,4,5,7,8,9,9,10:28
5,5,7,7,7,8,9,10,10,10:39
1,4,4,4,5,8,8,8,9,9:30
2,2,5,5,6,6,7,8,8,9:29
3,3,5,5,6,6,7,8,8,9:30
1,2,2,3,4,6,6,7,9,10:25
2,4,5,5,6,6,6,7,7,8:28
1,1,3,4,5,6,7,8,9,10:27
4,4,5,7,7,8,8,9,9,9:35
1,1,2,2,2,4,6,7,7,8:20
1,1,3,4,6,6,8,8,9,10:28
1,1,2,3,3,3,4,5,10,10:21
1,6,6,6,6,7,7,8,9,10:33
1,1,4,5,7,7,7,8,10,10:30
1,1,2,5,5,5,6,7,8,10:25
1,1,2,3,3,4,5,5,7,9:20
2,3,3,5,6,7,8,9,9,10:31
4,4,6,6,7,7,8,8,8,10:34
2,2,3,3,4,5,8,9,10,10:28
1,3,3,4,4,4,6,9,10,10:27
1,2,2,3,7,8,8,9,10,10:30
2,5,5,6,6,7,7,7,9,10:32
1,1,2,4,6,6,7,9,9,9:27
1,1,2,4,5,6,6,7,8,8:24
2,3,4,5,5,7,7,8,9,10:30
1,1,2,3,4,5,6,6,8,10:23
1,2,2,5,6,7,7,7,8,9:27
1,1,2,2,2,2,5,5,6,8:17
1,3,4,5,6,7,7,8,8,9:29
1,2,3,4,5,5,6,7,7,8:24
2,2,3,3,4,5,6,6,7,8:23
2,2,3,4,4,5,6,7,9,10:26
1,2,2,3,3,3,6,6,10,10:23
2,3,5,5,5,6,6,6,7,9:27
1,2,2,3,3,3,6,6,6,8:20
1,2,2,4,4,5,7,9,9,9:26
3,3,4,4,4,5,8,9,10,10:30
1,2,3,4,6,7,7,8,8,8:27
1,2,2,3,3,6,7,8,10,10:26
1,1,1,2,2,6,7,8,10,10:24
1,2,2,2,2,4,6,8,8,9:22
1,2,4,4,4,4,6,8,9,10:26
1,2,2,2,3,4,5,8,8,9:22
3,4,4,6,7,8,8,9,9,10:34
2,3,6,6,7,7,8,8,9,10:33
2,2,5,5,7,8,8,8,9,10:32
1,1,1,4,4,4,6,9,10,10:25
2,2,5,5,5,6,7,7,7,10:28
2,2,2,3,5,5,7,8,10,10:27
2,2,3,5,6,6,6,9,9,10:29
2,3,4,4,5,6,8,8,10,10:30
1,4,5,5,6,8,8,8,9,10:32
3,6,7,8,8,9,9,10,10,10:40
2,2,4,5,5,5,6,7,8,10:27
1,1,2,2,5,5,6,6,8,10:23
2,2,2,3,3,5,8,8,8,9:25
1,2,5,6,7,7,7,8,9,10:31
1,3,3,5,6,6,7,8,9,10:29
1,5,6,6,6,8,10,10,10,10:36
1,2,2,2,4,4,7,8,10,10:25
2,2,4,5,5,7,7,8,8,10:29
1,1,1,4,5,7,7,8,9,9:26
1,1,2,4,4,6,7,7,9,9:25
2,4,6,7,8,8,9,9,9,10:36
2,2,2,3,4,6,6,6,7,8:23
3,3,6,6,7,7,9,9,9,9:34
1,2,3,3,4,5,5,8,9,10:25
1,1,1,4,5,6,8,8,9,9:26
2,2,3,6,7,8,8,8,8,10:31
1,3,3,4,4,4,5,6,7,7:22
1,1,4,5,5,6,6,8,8,10:27
3,3,4,5,6,6,9,9,9,10:32
2,2,2,3,3,4,4,5,5,8:19
1,4,5,7,9,9,9,9,9,10:36
1,1,2,3,3,4,7,7,10,10:24
1,2,2,4,5,6,6,6,7,7:23
1,3,8,9,9,9,9,10,10,10:39
1,1,3,3,5,6,7,8,8,8:25
1,3,4,4,7,7,8,10,10,10:32
1,2,3,3,5,5,6,6,7,8:23
1,2,4,4,6,7,7,8,8,9:28
2,3,3,4,5,5,5,5,6,8:23
2,2,4,6,7,7,8,8,8,10:31
3,3,4,5,5,7,7,10,10,10:32
2,3,3,3,3,5,5,8,8,8:24
2,2,2,5,5,6,8,8,8,10:28
3,3,5,5,6,7,9,10,10,10:34
1,2,2,3,3,4,6,6,7,10:22
1,2,6,6,6,6,7,7,9,10:30
1,1,3,3,3,5,5,6,8,9:22
2,2,3,5,7,8,9,10,10,10:33
1,3,4,4,4,6,6,7,9,10:27
1,2,2,5,5,6,6,7,8,8:25
2,4,4,5,6,6,6,7,10,10:30
2,2,3,3,4,4,5,6,7,8:22
2,4,4,5,6,6,6,6,7,8:27
1,2,3,3,4,6,7,8,10,10:27
2,3,3,3,4,5,7,7,8,10:26
2,4,4,5,6,9,10,10,10,10:35
1,2,2,6,6,7,7,9,10,10:30
2,2,2,4,4,5,6,7,7,9:24
1,2,2,5,5,5,6,8,10,10:27
2,2,4,4,5,6,7,8,9,9:28
1,1,2,4,4,7,8,8,8,9:26
1,1,2,2,2,3,5,7,8,9:20
2,2,3,3,5,6,7,8,10,10:28
1,2,5,6,7,7,8,8,8,10:31
1,1,2,3,3,6,7,7,9,9:24
2,4,4,6,7,8,9,9,9,10:34
1,2,3,3,4,5,5,7,9,9:24
1,1,2,3,3,4,6,6,8,10:22
1,1,2,3,6,7,7,7,8,10:26
2,2,2,3,5,5,8,8,9,10:27
1,2,3,5,5,5,6,6,7,8:24
2,3,4,4,5,5,7,8,8,8:27
1,2,2,3,3,4,4,6,7,8:20
1,1,3,3,5,5,5,6,7,8:22
1,2,3,3,4,4,4,6,9,10:23
2,2,4,5,5,6,6,7,7,10:27
1,3,4,5,5,7,8,8,9,10:30
1,2,2,4,5,6,6,9,9,10:27
2,2,3,5,8,8,9,9,10,10:33
1,1,3,3,5,6,6,6,7,8:23
3,3,3,5,6,6,7,7,7,9:28
2,2,3,4,5,7,7,7,9,10:28
1,1,2,4,4,4,7,8,9,10:25
2,4,4,5,6,8,8,9,10,10:33
3,3,4,5,6,7,8,8,8,8:30
2,3,5,5,6,6,7,7,7,10:29
2,3,3,4,4,5,6,7,10,10:27
1,1,2,4,6,6,6,7,8,9:25
2,3,4,6,7,8,9,9,10,10:34
2,3,3,5,6,6,7,9,9,10:30
2,4,4,5,5,5,8,9,10,10:31
1,1,1,2,2,4,4,7,8,8:19
2,2,3,4,4,5,8,10,10,10:29
1,1,2,4,6,7,7,9,9,10:28
2,3,3,4,6,6,7,7,8,8:27
2,2,5,5,6,7,7,7,9,10:30
2,2,2,3,4,4,5,6,9,9:23
2,3,4,4,5,6,7,7,10,10:29
1,3,4,4,5,7,7,9,10,10:30
1,1,2,4,5,5,7,8,9,10:26
1,2,4,4,4,7,7,7,8,10:27
1,1,1,2,3,4,6,7,7,10:21
2,3,4,4,6,6,7,8,9,9:29
1,4,6,7,7,9,9,9,10,10:36
1,2,2,2,4,5,5,5,6,10:21
1,2,2,3,6,6,8,9,9,10:28
1,2,2,4,4,4,6,7,8,8:23
1,3,3,3,6,7,8,8,9,10:29
1,1,2,3,5,8,9,9,10,10:29
3,4,5,5,6,7,7,7,8,10:31
1,1,2,2,5,6,8,9,10,10:27
1,1,2,2,4,7,8,9,10,10:27
1,2,2,3,4,5,6,7,7,9:23
1,3,3,3,3,4,6,7,10,10:25
2,2,4,5,8,9,9,9,10,10:34
1,3,4,5,5,5,8,9,9,9:29
3,3,5,5,6,6,8,9,9,10:32
1,3,4,6,6,6,7,8,8,9:29
1,1,3,5,5,6,7,7,7,10:26
1,3,4,6,6,7,9,9,9,10:32
1,1,1,2,2,4,5,5,7,10:19
2,2,3,4,4,4,5,6,8,8:23
3,5,7,7,8,8,9,9,10,10:38
1,3,4,4,5,5,6,7,8,9:26
2,2,6,6,6,6,8,8,9,9:31
2,2,3,3,6,6,8,8,10,10:29
2,5,7,7,8,8,9,9,9,10:37
1,3,4,5,5,6,6,8,8,8:27
1,1,3,3,4,5,5,7,7,10:23
2,5,5,7,8,9,9,9,10,10:37
1,4,5,5,7,7,8,9,10,10:33
3,4,4,4,5,8,8,9,9,10:32
2,3,4,6,6,8,8,8,9,10:32
4,4,5,5,6,7,8,9,10,10:34
2,5,5,5,6,7,7,8,8,9:31
1,1,2,3,5,5,6,8,9,10:25
1,2,4,4,5,5,7,7,7,8:25
1,1,3,3,3,3,4,4,8,8:19
2,3,4,4,4,4,5,7,7,8:24
1,5,6,7,7,8,9,9,10,10:36
1,2,2,4,5,6,8,8,8,10:27
1,2,2,3,5,6,6,7,10,10:26
1,1,2,2,5,6,8,8,9,10:26
1,2,3,3,4,5,6,7,7,10:24
4,4,4,6,8,8,9,9,9,9:35
3,4,5,5,5,5,7,7,8,9:29
1,1,4,4,4,5,7,7,9,10:26
1,2,3,4,6,6,7,7,8,8:26
1,3,4,5,7,7,7,7,9,10:30
1,5,7,7,7,7,7,9,10,10:35
2,3,4,4,6,6,7,7,8,9:28
2,3,4,4,4,6,8,9,10,10:30
1,1,2,2,4,5,6,6,9,10:23
4,5,7,7,7,7,8,8,8,9:35
3,5,5,6,6,7,7,7,7,9:31
3,6,7,7,8,8,8,9,10,10:38
2,4,4,4,5,5,5,7,10,10:28
1,3,3,4,4,5,5,6,9,10:25
1,1,2,2,4,5,5,6,8,8:21
2,3,4,7,8,8,9,9,10,10:35
3,3,3,4,4,4,4,6,7,10:24
1,1,3,3,4,5,6,8,9,10:25
1,1,3,4,4,4,4,4,7,8:20
4,4,6,6,6,8,8,9,9,10:35
3,3,6,7,8,9,9,9,10,10:37
1,1,3,5,6,7,8,9,10,10:30
1,4,5,5,6,6,7,9,9,10:31
1,1,1,2,2,3,4,4,8,10:18
1,3,3,4,5,6,9,9,10,10:30
1,2,4,5,5,5,6,6,7,9:25
1,4,5,5,6,7,7,8,8,9:30
1,3,6,6,7,7,7,8,9,10:32
1,2,2,3,4,5,6,8,8,9:24
1,2,3,5,5,6,7,7,7,7:25
5,5,6,6,7,8,8,8,9,10:36
1,2,2,2,3,4,6,6,7,9:21
3,4,8,8,9,10,10,10,10,10:41
1,2,2,3,3,6,6,7,9,9:24
1,5,6,6,7,7,8,8,8,10:33
1,2,3,3,6,7,7,8,9,10:28
1,2,3,4,8,8,8,9,9,10:31
1,2,3,3,5,5,7,8,9,9:26
2,2,3,3,6,6,9,9,10,10:30
2,3,3,4,5,7,10,10,10,10:32
1,2,2,2,3,5,6,7,8,10:23
2,4,5,5,7,7,8,9,9,10:33
3,4,5,5,5,6,7,8,8,9:30
2,2,3,5,5,5,6,6,7,9:25
1,2,2,3,6,7,8,8,9,10:28
2,4,5,5,6,6,7,7,9,9:30
2,3,4,5,5,6,8,9,10,10:31
1,1,3,3,5,6,6,9,10,10:27
1,1,3,4,6,8,9,9,9,10:30
1,3,3,3,4,6,6,8,8,10:26
1,1,1,3,4,4,6,8,9,9:23
2,3,3,5,5,6,7,7,8,8:27
1,2,4,6,8,8,9,10,10,10:34
2,3,4,5,5,5,8,8,10,10:30
4,4,4,5,7,7,9,9,9,10:34
2,3,5,6,7,7,8,10,10,10:34
2,2,3,4,4,4,6,7,9,9:25
1,2,3,4,4,7,7,9,9,10:28
1,2,4,5,5,6,6,7,9,9:27
2,4,5,5,5,6,6,7,7,7:27
2,3,4,4,5,7,8,9,9,9:30
2,2,3,3,8,8,8,9,9,10:31
3,3,4,6,7,7,7,9,10,10:33
3,4,5,6,7,7,8,9,9,10:34
2,4,4,5,6,7,8,9,9,10:32
1,2,3,3,4,6,7,8,9,9:26
1,2,2,2,5,5,5,6,10,10:24
1,2,2,3,3,3,6,7,9,10:23
2,2,4,4,6,6,7,8,9,10:29
1,2,4,4,7,8,8,9,9,10:31
1,2,3,4,4,4,8,9,9,10:27
1,4,5,6,6,7,7,7,7,8:29
1,3,5,5,5,6,6,9,10,10:30
3,5,5,6,6,7,8,9,9,10:34
4,4,5,5,6,6,6,7,8,9:30
1,2,3,4,4,5,5,7,8,9:24
1,1,1,2,2,4,4,5,5,7:16
2,4,5,5,5,5,7,7,8,10:29
1,1,1,4,4,6,6,7,10,10:25
2,3,3,4,8,9,9,9,9,10:33
1,1,3,3,4,5,6,7,8,8:23
1,1,2,5,6,6,6,8,9,10:27
1,2,3,3,9,9,9,10,10,10:33
1,1,2,3,6,7,7,9,9,9:27
1,2,3,3,5,6,7,9,10,10:28
2,2,5,6,7,7,7,7,8,9:30
1,2,2,4,4,5,6,7,9,10:25
3,3,3,4,4,6,7,7,7,8:26
1,2,3,4,4,5,7,7,9,10:26
2,2,3,3,4,6,6,6,9,9:25
2,3,3,3,4,5,7,9,9,9:27
2,2,4,5,6,6,6,9,10,10:30
1,3,5,6,6,6,7,10,10,10:32
1,1,1,4,4,4,6,6,7,8:21
1,1,2,3,3,5,5,6,7,7:20
1,2,3,4,4,5,6,9,10,10:27
1,3,4,5,6,6,7,7,7,8:27
2,2,4,5,6,6,8,9,10,10:31
1,1,1,2,3,4,4,5,9,10:20
2,3,4,5,5,6,6,7,9,9:28
1,1,4,4,4,5,9,9,9,10:28
2,2,4,5,7,7,8,8,8,9:30
2,2,3,4,4,5,6,7,7,10:25
2,2,3,3,4,4,5,8,8,9:24
1,2,4,5,5,8,8,9,10,10:31
4,4,4,5,5,7,7,8,8,10:31
1,2,2,3,5,7,9,9,9,9:28
2,3,6,6,6,7,7,7,8,8:30
2,5,5,5,7,8,9,9,10,10:35
1,1,3,4,5,6,7,8,8,9:26
1,3,5,5,6,8,10,10,10,10:34
2,2,2,4,4,5,8,8,8,9:26
2,2,3,4,6,6,7,7,8,9:27
1,2,3,5,6,7,9,9,9,9:30
3,4,5,5,6,6,7,8,9,9:31
1,1,3,3,3,4,6,8,8,9:23
2,2,3,4,5,7,7,8,9,9:28
4,5,6,6,6,8,9,10,10,10:37
1,2,4,4,4,4,5,7,7,8:23
2,2,3,3,3,4,5,6,8,10:23
1,2,3,3,4,5,6,7,7,8:23
5,5,5,6,6,7,8,9,9,10:35
1,1,2,2,3,5,5,6,7,8:20
2,3,5,6,9,9,10,10,10,10:37
2,2,5,6,7,8,9,9,10,10:34
1,1,1,1,1,4,5,7,9,10:20
2,2,3,3,3,4,5,6,6,8:21
1,2,2,3,4,4,5,7,7,9:22
1,1,1,2,2,2,3,4,6,8:15
3,3,4,5,7,7,8,8,9,10:32
1,2,3,4,5,6,7,8,9,9:27
1,4,4,4,5,6,8,8,10,10:30
1,3,4,5,5,5,6,7,7,9:26
3,4,6,8,8,8,8,8,9,10:36
1,1,1,2,5,7,8,9,10,10:27
4,5,5,6,6,7,8,8,9,10:34
2,3,4,4,8,8,9,9,9,10:33
1,2,4,5,9,9,9,9,10,10:34
1,2,4,5,6,6,7,7,9,9:28
3,3,4,6,6,8,8,10,10,10:34
1,2,4,5,6,7,8,9,10,10:31
2,4,5,5,8,9,9,9,9,10:35
2,2,3,4,7,7,7,8,8,10:29
1,2,2,5,6,7,7,7,9,10:28
1,1,3,5,6,6,7,8,9,10:28
2,6,6,8,8,9,9,10,10,10:39
2,3,4,4,6,6,8,8,9,10:30
1,1,4,6,6,7,7,8,8,10:29
1,1,5,5,6,6,8,8,9,9:29
1,1,1,2,3,7,8,8,9,10:25
3,4,7,7,7,7,7,9,9,10:35
2,6,6,6,6,10,10,10,10,10:38
1,2,4,4,5,5,6,8,8,9:26
1,3,6,6,7,8,9,10,10,10:35
1,2,3,4,5,5,6,6,9,9:25
2,2,2,4,4,5,6,6,7,8:23
1,3,3,3,6,7,7,8,9,9:28
1,1,2,3,4,5,7,8,8,9:24
1,3,3,5,5,6,8,8,9,10:29
1,4,5,5,6,7,7,8,9,10:31
1,1,3,4,5,9,9,10,10,10:31
1,1,2,3,4,4,7,7,8,9:23
1,2,5,6,6,6,8,9,9,10:31
1,6,6,7,8,8,9,9,10,10:37
1,2,2,2,3,3,4,8,9,10:22
1,1,3,3,4,7,7,8,8,10:26
1,1,2,2,6,6,7,7,8,8:24
3,4,4,6,7,7,7,9,9,10:33
1,2,2,3,5,5,9,9,10,10:28
1,1,3,3,4,5,7,7,8,9:24
1,1,2,4,4,5,8,8,9,10:26
2,2,2,3,6,6,6,7,8,10:26
2,4,5,6,7,7,8,9,9,9:33
2,2,3,3,4,6,6,8,10,10:27
1,4,5,5,7,8,8,8,9,9:32
3,3,3,3,6,6,6,7,9,10:28
3,3,5,6,7,7,7,8,8,10:32
1,2,3,4,6,7,8,9,10,10:30
3,3,3,4,5,6,7,7,7,9:27
1,2,3,5,6,6,7,8,8,10:28
1,1,3,3,5,5,7,8,9,10:26
1,1,2,4,4,5,6,8,9,10:25
1,3,3,4,4,6,7,8,8,10:27
1,2,2,2,4,4,5,5,7,8:20
1,1,2,3,5,6,7,8,8,9:25
1,2,5,5,8,8,8,9,9,9:32
1,1,2,3,6,7,8,10,10,10:29
2,4,4,5,6,8,8,8,9,10:32
1,1,3,3,4,5,6,6,9,10:24
2,2,2,4,6,7,8,8,9,10:29
1,3,3,3,4,5,7,7,8,9:25
1,2,3,4,5,5,7,7,10,10:27
2,4,6,6,7,7,9,9,10,10:35
2,2,3,3,5,7,7,9,10,10:29
3,3,3,4,6,7,7,7,8,10:29
1,3,5,6,6,8,8,9,10,10:33
3,4,4,5,5,5,6,7,9,10:29
3,3,5,5,6,7,7,9,9,10:32
1,3,3,4,5,6,6,7,9,10:27
2,2,3,5,6,7,8,8,9,10:30
1,1,3,4,5,5,9,9,9,10:28
1,1,2,2,6,6,6,7,9,10:25
1,2,2,5,5,6,7,8,8,10:27
2,2,2,4,4,5,5,6,7,9:23
1,2,2,4,4,5,6,9,9,10:26
1,1,1,2,2,4,4,4,6,9:17
3,4,5,5,6,8,8,8,8,9:32
2,2,2,2,4,5,7,8,10,10:26
1,2,3,5,6,7,7,9,10,10:30
3,4,5,6,6,6,7,7,9,9:31
2,3,4,5,6,7,8,9,10,10:32
2,2,3,3,5,5,6,6,8,10:25
2,3,3,4,5,5,6,8,8,10:27
3,4,5,5,8,8,9,10,10,10:36
1,2,2,3,4,4,5,5,8,8:21
1,3,3,4,6,6,6,9,10,10:29
2,3,3,6,6,6,7,8,9,10:30
1,2,2,2,3,4,6,7,8,9:22
1,2,4,5,6,6,8,9,9,10:30
2,2,3,5,6,7,8,9,10,10:31
3,3,3,4,6,7,7,7,9,9:29
1,1,2,2,2,2,5,6,7,8:18
2,2,3,4,4,5,8,9,9,10:28
3,3,3,4,5,5,8,8,9,10:29
2,3,3,3,7,8,9,9,10,10:32
3,3,4,5,6,7,7,8,8,9:30
1,1,2,2,5,5,5,8,9,10:24
1,2,3,4,4,7,8,8,9,10:28
3,3,4,4,5,6,7,8,8,10:29
2,3,3,3,5,5,6,7,8,8:25
2,4,6,8,8,8,9,9,10,10:37
1,1,2,2,2,5,6,7,7,9:21
1,3,5,6,6,7,8,9,9,10:32
4,4,4,7,7,7,8,8,8,9:33
2,3,5,5,6,7,8,9,9,10:32
2,3,3,5,6,8,8,8,9,10:31
1,2,3,4,4,6,8,10,10,10:29
1,3,3,3,4,5,6,7,8,10:25
2,3,4,5,6,7,7,8,9,9:30
1,2,3,5,6,6,7,9,9,10:29
2,3,3,5,5,6,6,6,8,10:27
3,4,4,4,5,7,9,9,9,10:32
1,2,3,3,3,4,4,5,5,10:20
3,4,4,5,6,7,8,8,9,10:32
1,3,3,4,4,5,9,9,10,10:29
1,3,4,4,5,6,7,7,8,9:27
1,2,3,3,3,6,7,8,9,10:26
2,3,3,4,4,5,5,5,6,9:23
1,3,6,7,7,7,7,8,9,9:32
1,3,4,4,5,8,8,8,9,10:30
1,1,2,3,3,5,7,8,9,9:24
1,2,2,4,6,7,8,8,10,10:29
1,2,2,4,6,7,7,8,9,10:28
1,3,4,4,6,7,7,8,9,9:29
3,3,5,6,6,8,8,9,10,10:34
2,3,3,4,7,8,8,8,9,10:31
2,3,5,7,7,7,8,9,10,10:34
1,1,3,3,4,4,8,8,9,9:25
1,2,5,6,6,7,7,7,7,10:29
1,4,4,5,5,6,7,7,9,10:29
1,2,2,2,2,4,5,7,8,9:21
2,3,4,5,6,6,7,8,8,9:29
1,1,2,3,3,4,4,5,6,7:18
1,4,4,4,5,8,8,8,10,10:31
1,1,2,3,4,4,4,7,8,8:21
3,4,5,5,7,7,7,9,9,10:33
2,4,4,4,6,7,8,9,9,9:31
1,1,3,4,4,5,5,6,9,10:24
2,3,4,7,7,7,8,10,10,10:34
1,3,3,4,7,7,7,8,10,10:30
1,1,2,3,4,4,4,5,7,7:19
2,3,4,5,5,5,6,6,7,7:25
2,3,5,5,6,6,6,7,8,10:29
1,2,2,3,3,4,5,6,6,10:21
1,3,4,6,6,6,7,9,10,10:31
1,1,3,3,3,5,8,9,9,10:26
2,3,3,4,5,5,7,9,10,10:29
1,2,4,6,7,7,7,8,10,10:31
1,2,2,3,4,6,8,8,9,9:26
3,4,4,5,6,6,7,8,8,9:30
1,1,2,5,6,7,8,9,9,10:29
1,1,1,5,6,6,8,8,10,10:28
1,2,2,5,5,7,8,8,9,9:28
1,3,4,4,5,5,6,6,6,8:24
3,3,5,6,6,7,7,9,10,10:33
1,2,3,3,4,5,6,8,8,10:25
1,2,3,5,5,5,6,7,9,9:26
1,2,5,7,7,7,7,8,9,9:31
1,4,4,4,6,7,7,8,9,10:30
1,3,3,5,5,7,7,9,10,10:30
1,2,2,3,4,6,7,8,8,9:25
1,3,5,5,8,9,9,10,10,10:35
1,4,4,4,6,7,7,9,10,10:31
1,1,1,2,2,2,3,3,9,10:17
1,4,5,5,6,6,8,9,9,9:31
2,2,2,5,5,6,7,8,8,9:27
3,5,6,7,7,9,9,9,9,10:37
3,4,4,5,5,8,9,9,9,10:33
1,2,2,5,6,7,7,9,9,10:29
5,5,6,6,6,7,9,9,9,10:36
2,4,5,5,6,6,6,7,7,10:29
1,3,5,5,5,6,6,6,6,9:26
1,2,2,4,5,6,7,7,8,10:26
4,5,6,6,8,8,8,8,9,10:36
1,1,2,3,3,4,8,8,9,9:24
1,1,5,5,6,7,8,8,8,9:29
2,3,4,5,6,6,6,6,8,8:27
1,3,4,4,5,6,6,8,8,9:27
1,2,2,2,4,4,6,6,8,9:22
1,2,2,3,3,6,9,9,9,10:27
2,2,3,3,4,4,5,7,7,7:22
1,1,2,2,2,3,3,3,6,7:15
2,3,3,5,7,7,8,8,9,10:31
1,2,3,5,5,6,6,9,9,10:28
2,2,4,4,9,9,9,9,10,10:34
1,2,5,5,7,7,7,7,8,9:29
1,1,2,2,3,4,5,6,8,10:21
1,2,2,4,4,4,5,9,9,10:25
1,2,3,3,7,9,9,9,9,10:31
1,2,2,2,4,4,9,9,9,10:26
2,2,3,4,5,5,5,7,9,10:26
2,2,4,5,5,8,8,10,10,10:32
1,3,3,3,5,5,6,7,9,10:26
1,4,5,6,6,7,8,8,8,9:31
1,3,4,4,5,6,8,8,9,10:29
2,2,2,3,4,5,8,10,10,10:28
1,1,2,2,2,2,6,7,7,8:19
1,1,2,4,4,5,6,7,8,8:23
3,3,4,4,4,7,7,9,9,10:30
1,1,2,3,4,6,6,7,7,9:23
1,2,3,4,4,5,5,6,7,9:23
2,3,3,4,5,5,6,7,7,8:25
2,2,3,4,6,6,8,9,9,9:29
1,3,3,4,6,6,7,8,9,9:28
2,2,2,3,4,4,5,7,8,9:23
2,2,4,4,4,6,6,8,9,9:27
1,1,1,1,2,3,4,7,10,10:20
1,2,2,3,4,4,6,6,9,9:23
1,2,3,4,4,6,6,7,7,10:25
1,3,4,5,5,5,6,8,9,10:28
1,2,5,6,6,7,8,8,9,10:31
2,4,4,6,7,7,7,8,9,10:32
1,1,2,3,4,4,5,5,8,9:21
1,2,3,3,5,5,6,7,9,9:25
4,4,5,6,6,6,7,8,9,9:32
1,2,2,5,7,7,8,8,9,9:29
3,5,5,6,6,6,8,8,9,10:33
4,4,5,5,6,6,8,9,9,10:33
1,3,4,5,6,6,6,6,9,10:28
4,4,6,6,7,8,8,9,10,10:36
1,2,4,6,6,7,7,8,8,9:29
2,2,3,4,5,6,7,8,8,9:27
2,3,5,5,6,7,7,8,9,10:31
3,5,5,5,6,6,7,8,8,9:31
1,2,4,4,4,5,6,7,8,9:25
1,2,2,5,5,5,6,9,9,10:27
1,1,1,2,2,5,6,6,8,8:20
2,2,3,4,5,6,6,7,8,9:26
1,2,3,4,5,5,5,6,7,10:24
3,4,4,6,6,7,9,9,10,10:34
2,5,6,6,8,8,9,9,9,10:36
3,4,4,4,5,6,6,6,7,9:27
1,1,3,3,4,5,5,7,9,10:24
4,4,5,6,7,7,8,8,8,9:33
1,1,4,5,6,7,7,9,10,10:30
2,4,5,5,6,6,8,8,8,10:31
2,2,2,2,4,4,6,8,8,10:24
2,4,4,4,5,9,9,9,10,10:33
2,2,2,2,3,5,6,7,9,10:24
1,2,2,2,3,3,7,8,8,8:22
2,2,3,3,5,5,6,7,7,8:24
3,4,4,4,5,6,6,8,10,10:30
1,1,2,3,6,6,8,9,9,9:27
1,2,2,3,3,7,7,7,8,10:25
1,4,6,6,6,8,8,8,9,10:33
1,2,2,3,4,4,5,9,10,10:25
1,1,2,4,5,5,6,7,9,10:25
2,3,3,3,4,6,6,7,9,9:26
1,1,4,4,4,5,6,7,10,10:26
1,1,1,3,3,4,4,4,7,10:19
1,1,3,4,5,7,9,10,10,10:30
2,3,3,5,5,5,6,9,10,10:29
1,2,2,3,5,6,6,7,8,10:25
5,6,6,7,7,8,9,9,9,10:38
1,3,4,5,5,6,8,9,9,10:30
1,1,2,3,3,3,4,6,7,8:19
1,3,3,4,4,5,6,6,8,8:24
1,1,3,3,3,5,7,9,9,9:25
2,5,5,5,5,8,8,8,9,9:32
1,2,2,4,5,5,7,9,9,10:27
1,1,1,3,5,6,6,7,8,8:23
1,1,3,3,4,4,6,9,9,10:25
2,3,4,4,5,5,5,7,7,8:25
2,3,4,4,6,6,6,7,8,10:28
2,5,5,6,6,7,8,8,9,10:33
1,1,1,2,5,5,8,9,9,9:25
1,2,2,4,6,6,6,9,9,9:27
3,5,5,5,8,8,8,8,9,9:34
3,4,5,5,6,7,7,7,8,8:30
1,1,1,3,5,7,9,9,10,10:28
1,2,2,4,5,5,7,7,9,10:26
3,3,6,6,6,7,9,10,10,10:35
1,2,6,6,6,7,7,7,8,10:30
1,3,3,4,5,5,6,8,9,10:27
1,2,2,4,6,6,7,7,9,10:27
2,5,6,7,8,8,9,9,10,10:37
1,2,2,2,3,3,3,5,6,7:17
1,1,1,2,3,4,4,6,10,10:21
1,2,5,7,7,7,8,8,8,9:31
1,1,1,3,5,6,6,7,10,10:25
2,2,3,4,4,7,7,8,8,9:27
1,2,3,4,5,7,7,7,8,8:26
1,1,2,2,4,6,7,8,8,9:24
7,7,7,7,7,8,8,8,9,10:39
3,3,4,4,5,5,6,7,9,10:28
2,2,3,3,4,5,7,9,9,10:27
1,1,2,2,3,3,4,4,5,7:16
1,2,3,5,6,6,6,6,6,9:25
1,1,2,2,2,3,3,4,5,7:15
2,3,4,5,5,7,8,9,9,10:31
2,2,5,5,5,6,7,7,9,10:29
1,4,4,4,4,6,7,7,9,10:28
1,3,4,5,5,5,7,8,8,8:27
1,1,4,5,6,7,8,8,8,10:29
3,4,7,7,7,7,8,8,9,10:35
5,5,5,6,6,7,8,10,10,10:36
1,2,2,3,4,4,5,6,7,10:22
1,2,4,4,4,5,6,7,7,8:24
1,2,2,2,2,4,6,6,7,10:21
2,2,2,4,6,7,9,10,10,10:31
1,2,3,7,7,8,8,9,9,10:32
1,1,2,2,2,3,5,5,6,9:18
1,3,4,4,6,7,8,9,10,10:31
1,2,2,3,4,5,7,8,10,10:26
1,2,2,2,3,4,4,7,9,10:22
1,3,5,6,6,6,7,9,9,10:31
2,2,3,3,4,4,4,7,8,9:23
2,2,3,4,5,5,7,8,10,10:28
1,1,2,4,4,5,5,8,9,9:24
1,2,2,5,6,6,6,9,9,10:28
1,3,3,4,5,5,5,5,6,7:22
3,3,4,5,6,7,8,10,10,10:33
1,1,3,3,4,6,6,7,7,8:23
2,2,2,4,5,5,5,6,7,10:24
1,2,3,6,7,7,7,8,8,9:29
4,5,7,7,8,9,9,9,10,10:39
2,2,3,5,7,8,8,8,8,9:30
1,2,3,3,4,7,7,8,8,9:26
2,2,2,3,3,3,4,5,8,8:20
1,1,3,3,4,4,6,7,9,10:24
1,3,3,4,4,5,6,8,10,10:27
1,1,2,3,5,6,8,9,9,10:27
3,3,4,4,4,6,7,8,8,9:28
1,2,3,4,4,7,7,8,8,10:27
3,3,5,5,6,7,8,8,9,10:32
2,4,5,7,8,8,8,10,10,10:36
1,2,4,7,7,8,8,8,9,10:32
1,3,4,7,7,8,8,9,9,10:33
2,3,3,7,7,7,8,8,8,9:31
6,7,7,8,8,9,9,10,10,10:42
2,2,6,6,7,7,8,8,8,10:32
1,2,2,4,7,7,8,9,10,10:30
1,4,4,5,6,7,8,9,9,9:31
1,1,2,2,3,4,5,5,8,9:20
2,4,4,5,6,7,9,9,10,10:33
2,3,4,6,6,7,8,9,9,10:32
1,1,2,2,8,9,9,10,10,10:31
1,1,1,2,3,6,7,8,8,9:23
1,1,1,2,3,4,8,8,10,10:24
1,2,2,6,6,7,8,8,8,10:29
1,2,2,3,4,6,7,8,9,10:26
2,6,6,6,6,8,9,9,9,9:35
3,4,4,4,6,6,7,7,7,8:28
1,2,4,6,7,9,9,10,10,10:34
1,2,3,3,5,5,5,7,8,9:24
1,1,2,3,4,4,7,8,10,10:25
1,3,4,4,5,5,5,7,7,7:24
3,3,3,5,5,6,7,10,10,10:31
2,2,5,5,7,7,8,9,9,10:32
2,3,4,4,4,5,6,7,7,10:26
3,3,3,5,6,6,6,9,9,10:30
1,3,3,5,5,6,7,7,9,10:28
1,3,4,7,7,7,8,8,8,9:31
3,3,5,5,5,6,7,7,9,10:30
1,4,5,6,6,8,8,8,9,9:32
2,3,3,3,8,8,9,9,9,10:32
3,3,4,4,5,5,5,5,9,9:26
1,2,2,2,4,7,9,9,10,10:28
3,3,6,6,7,8,8,9,9,9:34
3,3,3,4,4,5,7,8,8,9:27
4,5,6,6,7,7,8,9,10,10:36
3,4,4,6,6,8,8,9,10,10:34
1,1,2,3,3,4,5,7,8,10:22
2,3,3,6,8,8,8,9,9,10:33
3,3,4,5,5,6,8,10,10,10:32
4,4,5,6,6,6,7,7,9,10:32
1,1,2,4,5,5,6,6,8,10:24
4,5,5,5,6,6,7,7,8,9:31
1,2,5,5,6,6,8,9,10,10:31
1,2,2,3,4,6,8,8,8,8:25
4,4,5,5,6,8,8,8,10,10:34
1,2,2,3,4,5,5,6,6,8:21
2,4,4,4,5,6,6,8,9,10:29
1,3,4,4,5,5,5,6,9,10:26
3,4,5,6,6,7,7,8,10,10:33
2,3,4,5,5,5,6,8,10,10:29
1,1,1,3,4,5,5,6,9,9:22
3,4,5,6,7,7,7,8,9,10:33
1,2,2,4,4,4,4,4,7,10:21
1,1,3,6,6,8,8,9,10,10:31
2,5,5,6,7,8,9,10,10,10:36
1,3,4,4,4,5,6,6,9,10:26
1,1,2,3,3,4,4,5,9,10:21
2,4,4,4,7,7,8,8,8,10:31
2,3,5,5,6,6,7,7,8,9:29
2,3,4,5,5,6,9,10,10,10:32
1,4,5,6,6,7,7,8,8,8:30
2,3,3,4,5,5,6,8,10,10:28
1,1,1,4,4,5,5,6,9,10:23
1,2,2,3,4,4,4,5,9,10:22
1,1,2,2,4,5,6,8,9,10:24
1,2,5,6,6,7,7,7,8,9:29
2,3,4,4,5,6,6,6,8,10:27
2,2,4,5,8,8,8,8,9,10:32
2,3,5,6,6,7,7,8,8,10:31
1,2,3,3,4,4,6,7,8,10:24
2,2,3,4,4,5,5,6,8,9:24
1,5,6,6,7,7,8,9,9,10:34
1,2,2,2,4,6,7,7,9,10:25
1,3,4,6,7,9,9,9,10,10:34
2,4,4,4,4,5,6,6,7,10:26
4,4,5,5,7,7,8,9,9,10:34
1,4,4,7,8,9,9,10,10,10:36
2,2,6,6,7,8,9,10,10,10:35
4,6,6,6,7,7,7,7,8,10:34
1,3,5,6,7,7,8,9,9,9:32
1,2,3,5,5,6,6,7,8,9:26
1,2,2,4,6,6,6,6,7,8:24
3,4,4,5,5,5,6,7,7,10:28
1,2,2,4,4,5,5,6,6,7:21
2,3,3,5,5,6,6,6,6,10:26
1,2,5,6,8,9,9,10,10,10:35
5,5,5,6,6,6,7,8,10,10:34
2,3,5,5,6,7,7,7,9,9:30
1,2,2,3,3,4,5,7,7,10:22
2,3,3,3,6,6,7,9,9,10:29
2,2,3,3,5,6,6,7,8,10:26
1,2,3,4,4,6,6,7,9,10:26
1,2,3,3,3,3,4,4,6,9:19
1,2,6,6,7,7,8,9,10,10:33
1,1,2,3,3,7,8,9,10,10:27
2,2,3,4,7,8,8,8,10,10:31
1,2,4,4,5,5,6,6,9,10:26
1,2,2,4,4,5,6,7,7,8:23
1,1,3,6,7,7,7,8,8,10:29
2,2,3,3,5,6,6,8,8,9:26
2,2,4,4,4,5,5,6,6,8:23
2,3,6,7,7,8,8,9,9,9:34
1,1,2,2,2,3,4,4,7,8:17
5,5,6,7,8,9,10,10,10,10:40
2,3,4,6,7,7,7,7,9,10:31
1,2,4,6,6,7,8,8,8,10:30
1,1,3,4,4,5,7,9,10,10:27
1,1,1,3,5,8,8,9,10,10:28
2,2,3,4,6,7,8,10,10,10:31
1,2,2,3,3,4,6,6,9,10:23
3,3,3,3,4,6,7,8,9,10:28
1,3,7,7,8,8,8,9,9,10:35
1,2,7,7,7,8,8,9,9,10:34
1,2,2,2,3,3,5,7,9,10:22
1,2,3,6,6,6,7,9,10,10:30
1,3,4,4,5,8,8,9,10,10:31
2,2,4,5,6,7,7,7,8,8:28
1,1,2,2,2,3,4,5,6,10:18
1,2,3,4,5,6,6,6,7,8:24
1,3,3,4,4,4,4,5,6,8:21
2,3,6,6,8,8,8,9,10,10:35
2,4,7,7,7,8,9,10,10,10:37
1,2,4,4,4,5,7,9,9,9:27
1,3,3,3,4,4,4,6,9,9:23
1,1,1,2,5,5,8,9,10,10:26
1,2,4,5,6,7,9,10,10,10:32
2,2,2,3,3,5,6,6,8,9:23
1,1,2,3,4,4,5,7,9,10:23
2,2,3,4,6,8,9,10,10,10:32
2,2,3,3,4,5,6,7,8,8:24
1,1,2,3,6,6,7,7,8,9:25
1,2,3,4,6,7,9,10,10,10:31
1,2,2,3,3,3,8,9,9,10:25
3,4,4,5,6,6,6,8,10,10:31
2,2,2,3,6,7,8,9,9,10:29
1,1,3,3,3,4,9,10,10,10:27
1,3,3,4,6,6,6,6,7,8:25
1,3,5,5,6,7,8,9,10,10:32
1,3,3,6,8,8,9,9,9,10:33
1,1,1,3,5,6,9,10,10,10:28
1,1,4,5,6,6,7,7,9,10:28
2,3,3,3,4,5,5,9,9,9:26
1,2,3,3,5,7,9,10,10,10:30
2,3,3,4,5,5,7,8,9,10:28
1,3,4,4,4,5,6,7,7,9:25
1,1,7,7,7,8,8,9,10,10:34
2,2,3,3,4,4,7,8,8,9:25
2,2,4,5,5,6,6,7,8,9:27
2,2,4,4,5,7,8,10,10,10:31
2,2,2,4,4,4,5,7,9,9:24
3,5,6,7,8,9,10,10,10,10:39
1,1,2,2,3,5,5,7,8,10:22
1,1,1,2,3,3,4,5,6,6:16
1,1,1,4,4,5,6,6,8,8:22
2,3,4,4,7,7,8,9,10,10:32
2,3,3,5,6,7,7,8,9,10:30
1,1,3,4,4,6,7,8,9,9:26
1,3,3,4,4,5,5,7,7,9:24
2,2,2,3,5,6,7,7,7,7:24
3,3,3,6,6,6,8,8,9,10:31
2,4,5,5,6,8,8,8,8,8:31
1,2,3,3,4,4,6,9,9,9:25
1,3,4,6,7,7,7,8,8,9:30
1,2,4,4,6,8,8,9,10,10:31
1,2,3,4,5,6,6,9,10,10:28
1,1,2,3,4,4,6,6,8,9:22
1,3,3,5,6,7,8,8,8,9:29
1,1,4,5,6,7,10,10,10,10:32
1,2,3,3,3,5,6,8,8,9:24
2,4,5,6,6,6,8,8,8,9:31
1,1,2,5,5,7,7,8,9,9:27
1,4,5,5,5,7,8,8,9,10:31
1,3,4,4,5,5,6,7,9,10:27
3,4,5,6,6,6,7,7,7,9:30
1,1,1,2,3,4,5,6,7,8:19
1,1,2,3,8,9,10,10,10,10:32
1,1,2,2,3,4,8,9,10,10:25
1,2,3,3,7,8,8,9,9,10:30
1,2,3,3,3,4,5,7,9,9:23
3,3,3,4,5,6,7,7,9,9:28
3,3,4,5,6,6,7,8,9,9:30
1,1,1,4,4,6,9,9,9,10:27
3,4,5,5,6,6,8,8,9,10:32
2,3,4,5,6,7,7,10,10,10:32
2,3,4,4,4,6,9,10,10,10:31
1,2,4,4,5,5,6,6,8,9:25
1,3,3,4,6,7,8,8,8,10:29
1,2,2,3,4,5,7,7,8,9:24
4,5,5,5,5,7,7,8,9,9:32
1,1,1,3,4,5,5,6,7,7:20
1,1,2,3,3,4,6,7,9,10:23
1,1,2,4,4,7,8,9,10,10:28
3,4,5,5,5,5,6,7,7,7:27
1,1,4,6,7,7,7,8,9,10:30
1,1,4,7,7,7,8,9,10,10:32
2,2,2,3,8,9,9,9,10,10:32
2,3,3,3,3,4,5,5,5,7:20
2,3,3,5,6,7,8,8,9,9:30
1,1,3,4,7,8,8,9,9,10:30
1,2,3,4,6,7,7,8,8,10:28
1,1,3,5,6,6,7,7,7,9:26
2,3,4,6,6,7,8,8,8,8:30
2,2,4,4,8,8,9,9,10,10:33
1,2,2,4,7,8,8,10,10,10:31
1,1,2,2,3,6,7,8,9,9:24
1,2,3,4,5,6,7,10,10,10:29
1,2,3,5,8,8,8,9,10,10:32
1,2,2,2,3,3,5,5,9,10:21
2,3,3,3,4,5,6,9,9,10:27
1,1,3,3,4,5,6,9,10,10:26
1,4,4,5,6,6,7,8,8,9:29
1,2,2,4,4,5,6,7,7,10:24
1,4,4,6,6,6,7,8,9,9:30
2,2,3,5,7,7,8,10,10,10:32
1,4,6,6,7,8,9,9,10,10:35
1,1,3,3,4,4,6,6,6,6:20
1,4,6,7,7,8,8,8,9,10:34
2,4,5,5,6,7,7,7,9,10:31
1,2,3,3,5,7,8,9,9,9:28
2,4,6,6,6,6,6,7,8,9:30
1,2,3,3,5,6,6,7,8,9:25
1,2,3,5,7,8,8,8,10,10:31
1,1,2,3,4,6,6,7,8,10:24
1,1,2,3,6,6,7,8,10,10:27
1,4,5,5,5,6,7,7,8,8:28
1,1,3,3,3,3,5,9,9,9:23
1,2,2,2,4,5,8,9,9,10:26
1,1,1,2,2,5,5,6,8,9:20
1,3,4,4,4,5,6,6,7,8:24
1,1,2,2,4,5,7,7,8,9:23
2,4,4,4,8,9,9,10,10,10:35
1,4,4,5,7,7,8,9,9,10:32
1,1,4,4,5,5,5,7,8,10:25
2,5,6,7,7,9,9,9,10,10:37
1,2,2,3,4,4,7,8,9,10:25
3,6,6,6,6,7,7,9,10,10:35
1,1,3,3,3,3,4,4,4,10:18
1,1,1,5,5,6,7,7,9,10:26
2,2,2,6,6,7,7,10,10,10:31
2,2,2,3,4,6,6,7,8,10:25
1,2,3,4,4,5,6,6,7,10:24
1,3,4,5,6,6,8,8,8,9:29
1,2,2,3,4,4,5,5,8,10:22
1,1,2,4,7,7,9,9,10,10:30
2,3,3,5,5,6,7,8,9,10:29
1,1,2,5,6,6,7,7,9,10:27
3,3,3,4,4,5,5,7,8,8:25
3,4,5,6,8,9,9,10,10,10:37
1,3,4,5,5,5,6,7,8,10:27
1,2,3,4,4,5,5,7,9,10:25
3,5,6,6,8,8,9,9,9,9:36
2,3,4,5,6,7,8,8,9,10:31
2,3,4,4,4,5,5,6,7,8:24
2,4,5,5,5,5,6,8,9,9:29
1,1,2,3,4,5,7,7,8,8:23
1,2,3,3,4,4,6,6,7,10:23
1,5,6,6,7,7,7,8,8,9:32
2,4,4,6,8,9,9,9,9,10:35
1,1,2,3,5,7,8,9,10,10:28
2,3,3,5,5,8,9,9,10,10:32
1,2,4,4,6,6,8,9,10,10:30
3,3,4,5,5,5,7,8,8,8:28
2,3,3,5,7,7,8,9,10,10:32
2,4,4,5,6,7,8,8,10,10:32
1,2,2,3,3,3,5,5,8,10:21
5,6,6,6,6,8,9,10,10,10:38
2,3,3,3,5,6,7,7,10,10:28
1,2,3,7,7,7,9,10,10,10:33
1,1,2,3,4,5,5,5,8,10:22
1,3,5,6,6,7,8,8,10,10:32
1,2,2,3,6,8,9,9,10,10:30
1,4,5,6,6,7,8,8,9,10:32
1,1,2,5,5,5,6,8,8,9:25
1,2,3,5,6,7,7,8,8,9:28
1,2,3,3,5,7,7,8,8,8:26
1,4,5,6,7,9,9,9,10,10:35
1,1,1,3,4,5,7,7,8,9:23
1,2,2,5,5,7,7,8,9,10:28
1,1,2,2,3,7,8,9,9,10:26
1,3,3,4,4,5,6,8,8,10:26
1,1,1,4,7,7,7,10,10,10:29
1,3,4,6,6,8,8,8,8,10:31
1,1,4,5,5,5,5,6,10,10:26
1,1,3,4,5,7,8,9,10,10:29
1,6,6,7,8,9,9,10,10,10:38
1,4,5,5,6,6,7,8,9,9:30
2,3,3,8,8,8,8,9,9,10:34
1,1,2,3,4,6,6,6,7,8:22
1,1,1,2,3,3,4,4,6,7:16
1,2,5,5,6,7,7,7,8,8:28
2,3,3,4,5,5,5,6,6,7:23
2,3,3,3,4,4,4,6,7,10:23
2,3,4,5,6,6,7,7,8,10:29
2,3,4,5,5,6,6,8,9,10:29
2,4,4,5,5,6,6,7,8,9:28
1,1,2,2,2,4,5,6,7,10:20
1,2,4,5,5,6,6,7,10,10:28
2,2,2,2,3,3,4,4,5,9:18
1,2,3,4,6,6,7,8,9,10:28
1,4,5,6,6,7,7,8,9,9:31
2,2,4,4,4,5,7,9,9,10:28
1,2,3,3,4,4,5,5,6,7:20
1,2,2,5,5,5,6,7,8,9:25
1,1,1,3,5,5,6,6,9,9:23
1,4,4,5,6,8,8,9,9,10:32
2,2,3,3,4,5,5,6,7,9:23
2,4,4,5,5,6,6,8,9,9:29
1,3,4,6,6,8,9,9,10,10:33
1,4,5,6,7,7,8,8,8,10:32
1,1,5,6,7,8,9,9,10,10:33
2,4,4,4,5,6,7,7,9,10:29
1,3,3,4,5,6,6,8,8,10:27
1,2,5,5,6,6,6,7,8,10:28
1,1,2,2,3,3,4,4,8,8:18
1,2,3,6,6,9,9,10,10,10:33
1,1,3,4,5,6,7,9,10,10:28
2,4,6,6,6,7,8,9,10,10:34
1,3,3,4,5,6,6,6,7,9:25
2,3,5,5,5,6,6,8,8,10:29
2,2,4,4,5,5,6,7,9,10:27
3,4,5,6,7,9,10,10,10,10:37
3,3,3,3,4,4,5,8,8,9:25
3,3,4,5,6,7,8,8,10,10:32
1,1,4,5,6,8,8,8,9,10:30
2,3,3,4,4,6,6,9,9,10:28
2,3,3,4,4,5,6,6,7,10:25
1,1,2,3,5,6,6,7,9,10:25
5,6,6,6,6,6,7,7,7,10:33
1,3,5,7,7,8,8,9,10,10:34
1,2,4,5,6,7,7,8,8,8:28
2,4,4,5,5,7,9,10,10,10:33
2,3,3,3,3,3,5,5,9,10:23
1,2,3,3,3,3,8,9,10,10:26
2,3,4,5,5,5,5,6,7,8:25
1,4,4,5,5,8,8,8,9,10:31
1,1,4,5,5,5,7,8,8,10:27
1,2,6,7,8,8,8,9,9,10:34
2,3,4,5,7,8,9,10,10,10:34
5,5,6,7,8,9,9,9,10,10:39
2,2,2,3,4,5,6,8,8,8:24
3,3,7,8,8,8,8,9,10,10:37
1,4,4,4,5,8,8,9,9,10:31
1,2,2,2,5,8,8,10,10,10:29
1,2,3,5,6,8,9,9,9,10:31
1,5,7,7,8,8,9,9,10,10:37
1,1,2,4,5,5,5,6,8,9:23
1,2,4,5,7,8,8,8,9,10:31
1,1,4,4,5,5,6,7,8,9:25
2,2,4,5,5,5,6,8,8,9:27
1,2,4,5,6,7,7,7,9,10:29
2,2,4,7,7,8,9,9,10,10:34
2,3,3,4,5,6,8,9,10,10:30
3,4,5,6,6,7,8,8,9,10:33
2,2,3,4,5,5,6,6,8,9:25
1,1,1,2,4,4,8,8,8,9:23
2,4,4,5,6,6,7,9,9,10:31
1,1,2,4,4,5,5,7,8,9:23
1,4,6,6,7,8,8,10,10,10:35
1,2,4,6,7,8,8,10,10,10:33
1,3,4,6,7,7,8,9,9,10:32
1,2,2,2,2,4,7,8,8,10:23
1,1,2,3,4,5,6,7,8,9:23
1,1,2,3,4,4,5,6,8,8:21
1,3,4,7,9,10,10,10,10,10:37
2,2,4,5,6,6,8,8,9,10:30
2,2,2,3,3,4,5,6,6,7:20
2,2,3,4,5,5,5,6,9,9:25
2,3,4,6,6,8,9,9,9,10:33
1,1,1,2,2,4,5,6,6,8:18
1,3,3,3,3,5,6,7,8,9:24
1,2,3,4,7,7,8,10,10,10:31
1,4,4,4,6,7,8,8,10,10:31
1,2,4,4,5,6,8,9,9,10:29
1,3,3,4,6,7,7,7,9,9:28
3,4,5,7,8,9,9,9,10,10:37
1,4,4,4,5,5,8,8,9,10:29
2,4,4,4,4,5,8,9,10,10:30
3,3,3,4,4,4,6,7,7,9:25
2,2,2,3,8,8,8,9,9,9:30
2,4,6,6,7,8,9,9,9,10:35
1,1,3,4,4,4,6,7,8,10:24
1,1,2,2,2,2,3,4,7,8:16
1,1,1,1,3,4,5,5,8,9:19
1,2,3,3,3,3,4,5,7,9:20
4,5,6,6,7,7,7,10,10,10:36
1,2,3,3,4,4,5,5,8,9:22
1,1,3,4,5,5,5,6,8,10:24
2,2,3,3,4,4,5,7,10,10:25
2,4,6,7,8,8,8,8,8,9:34
2,3,3,4,5,6,7,7,8,9:27
2,2,4,5,5,5,7,8,10,10:29
4,5,5,5,5,6,7,7,8,8:30
1,3,3,5,6,6,6,7,7,8:26
2,2,3,4,4,6,6,8,8,9:26
1,3,3,5,5,6,7,8,8,8:27
2,2,3,4,4,6,7,7,7,10:26
2,3,3,3,5,5,7,8,10,10:28
3,3,3,4,6,7,8,9,9,10:31
1,1,3,4,5,5,6,7,9,9:25
2,3,3,3,4,5,6,6,8,10:25
1,3,4,5,5,6,7,7,9,9:28
3,3,4,4,5,5,6,8,8,10:28
1,2,2,4,5,5,5,8,10,10:26
2,3,7,7,8,9,9,9,10,10:37
1,1,3,3,4,5,6,6,7,8:22
2,3,4,5,5,6,7,8,8,10:29
1,3,4,5,7,9,9,10,10,10:34
2,2,5,6,6,6,7,8,9,9:30
1,1,4,4,4,5,6,7,7,9:24
1,4,5,5,5,6,6,7,9,10:29
2,2,3,4,5,6,6,8,9,9:27
1,1,1,2,3,5,7,8,8,10:23
1,1,5,6,6,7,8,9,9,10:31
1,1,3,3,4,5,7,8,8,10:25
1,1,3,3,7,8,8,8,9,10:29
4,4,5,6,6,6,6,7,8,8:30
1,1,1,2,5,6,7,9,10,10:26
1,1,2,3,4,4,6,6,6,7:20
3,3,5,5,6,7,7,7,9,10:31
2,2,2,3,5,6,8,9,9,10:28
1,4,4,6,6,7,8,9,9,10:32
1,2,4,4,4,6,6,9,9,9:27
2,4,5,6,7,8,9,9,10,10:35
3,3,4,5,5,6,6,8,10,10:30
1,1,4,5,5,5,5,7,7,10:25
1,1,3,4,4,7,8,10,10,10:29
2,2,3,3,3,5,7,8,9,10:26
2,3,3,5,6,6,7,7,8,9:28
1,1,2,2,2,5,5,6,6,8:19
1,3,4,5,5,5,5,5,5,6:22
1,1,2,3,4,4,5,6,10,10:23
2,3,5,6,7,7,7,7,8,10:31
1,2,2,3,4,5,6,7,9,9:24
1,1,2,3,5,5,6,6,9,10:24
1,1,2,3,4,4,5,7,8,9:22
1,2,4,6,7,7,8,9,10,10:32
1,4,5,5,5,8,8,8,9,9:31
1,2,3,3,6,7,9,9,10,10:30
1,1,1,1,2,4,7,7,7,9:20
1,2,4,4,5,5,6,7,8,8:25
1,1,1,2,3,3,4,4,8,9:18
1,1,5,6,6,8,8,9,10,10:32
2,4,5,5,5,6,7,7,8,9:29
2,2,2,5,5,5,6,7,8,10:26
2,4,4,4,6,6,8,10,10,10:32
2,2,2,3,4,4,4,5,6,8:20
3,3,4,4,8,9,9,10,10,10:35
2,2,2,5,6,7,7,8,9,10:29
1,3,4,4,4,6,6,7,7,10:26
3,3,3,4,5,6,8,9,9,10:30
1,3,3,3,5,5,6,6,10,10:26
1,1,4,4,4,5,6,7,9,9:25
1,2,3,3,4,4,5,8,10,10:25
3,3,4,4,6,7,8,8,9,10:31
1,3,4,4,5,5,5,6,6,9:24
1,1,2,2,4,4,6,7,9,10:23
2,2,4,4,5,6,7,7,7,8:26
1,2,4,5,5,6,6,6,6,7:24
1,3,4,4,6,6,7,7,9,9:28
2,3,3,5,5,7,8,9,10,10:31
3,3,4,5,7,8,8,10,10,10:34
1,1,2,2,8,8,9,9,10,10:30
1,3,4,4,5,5,6,6,8,10:26
1,1,2,2,3,3,3,6,7,10:19
1,2,2,2,6,7,9,9,10,10:29
1,2,4,5,5,5,6,8,10,10:28
1,3,3,3,7,7,8,9,9,10:30
2,2,3,3,4,4,10,10,10,10:29
1,2,4,4,4,5,6,6,7,9:24
1,3,5,6,6,7,7,7,8,10:30
1,2,4,4,5,7,8,9,9,9:29
3,4,4,4,5,5,5,6,8,10:27
1,1,2,3,4,6,7,8,8,10:25
1,2,2,3,4,4,6,8,9,9:24
1,5,7,7,7,8,8,8,9,10:35
1,3,3,5,6,6,8,8,9,9:29
3,3,3,4,5,6,6,7,7,8:26
1,4,5,6,6,7,7,8,10,10:32
2,4,5,6,6,7,9,9,10,10:34
1,3,4,5,5,6,6,6,8,10:27
1,2,2,3,4,5,6,6,7,10:23
2,3,4,6,6,6,7,7,7,10:29
2,3,5,5,5,5,7,8,8,10:29
1,2,2,4,4,4,4,7,10,10:24
1,1,1,2,3,4,7,9,10,10:24
3,3,3,6,6,7,7,9,9,9:31
3,4,4,6,6,7,8,9,9,10:33
1,1,4,5,7,7,8,9,10,10:31
2,4,5,5,6,7,7,8,8,10:31
2,2,2,3,3,4,4,4,5,9:19
1,2,3,3,5,5,6,8,9,10:26
1,2,2,4,4,6,6,8,9,10:26
1,3,4,4,6,6,8,10,10,10:31
1,2,3,3,4,6,7,7,9,10:26
2,3,6,7,8,8,8,9,9,10:35
1,2,2,2,4,5,6,8,9,9:24
3,6,6,7,7,9,10,10,10,10:39
2,3,4,4,4,6,6,6,9,10:27
3,3,4,5,6,7,9,9,10,10:33
2,6,6,6,6,6,8,8,10,10:34
1,1,2,2,5,5,8,8,9,9:25
4,5,6,6,6,8,8,8,9,10:35
1,2,3,3,3,3,4,4,5,6:17
2,2,3,5,6,7,7,8,10,10:30
1,1,2,2,3,6,7,10,10,10:26
2,2,3,3,3,3,4,5,8,9:21
1,3,4,4,4,6,8,8,10,10:29
1,3,4,6,6,8,8,10,10,10:33
1,1,2,3,3,5,5,5,5,6:18
1,5,5,6,6,7,7,9,10,10:33
3,4,4,5,6,6,7,7,9,9:30
1,2,3,7,7,8,9,9,10,10:33
3,3,4,5,5,7,7,8,10,10:31
1,2,5,6,7,8,9,10,10,10:34
1,2,6,6,6,6,9,10,10,10:33
2,2,2,3,4,5,5,6,7,8:22
3,3,5,7,7,7,9,9,10,10:35
1,3,5,5,6,7,7,7,8,9:29
1,2,3,5,5,5,5,5,7,10:24
1,1,1,2,3,4,5,5,6,6:17
2,2,3,3,4,5,6,6,7,10:24
1,2,3,4,4,5,5,6,8,8:23
2,2,2,2,4,5,5,8,8,10:24
1,3,4,5,5,6,7,8,8,9:28
3,4,4,4,4,5,8,9,9,10:30
2,4,4,4,7,8,8,9,10,10:33
1,1,3,4,6,7,7,7,10,10:28
1,4,4,6,6,7,9,9,10,10:33
2,4,4,5,5,5,6,8,9,10:29
3,4,5,5,7,8,8,8,9,9:33
1,3,5,5,5,6,7,7,7,10:28
1,3,4,5,6,7,8,10,10,10:32
1,1,2,2,4,6,8,9,9,10:26
2,3,3,4,4,6,7,8,8,9:27
1,2,4,5,6,6,9,9,10,10:31
2,2,2,3,7,8,9,9,10,10:31
2,4,4,4,6,8,8,8,10,10:32
2,4,4,5,7,7,7,7,8,9:30
2,3,3,4,4,5,6,7,8,8:25
1,1,4,4,5,5,8,8,9,9:27
3,4,4,7,7,9,10,10,10,10:37
1,4,5,5,5,7,7,7,9,10:30
4,5,6,8,8,8,9,10,10,10:39
1,3,4,6,6,7,8,8,8,9:30
1,1,2,2,3,5,6,6,6,10:21
1,1,4,4,5,5,6,7,7,8:24
1,1,3,4,4,5,5,5,6,10:22
1,2,2,2,4,5,7,8,8,9:24
1,2,2,5,8,8,10,10,10,10:33
1,2,5,5,6,6,7,8,8,8:28
1,1,2,3,3,3,5,6,10,10:22
3,3,4,4,7,7,8,8,9,9:31
1,1,2,3,4,4,6,6,7,8:21
1,2,2,2,4,6,7,8,8,8:24
3,4,6,6,7,7,8,8,8,9:33
1,2,5,6,7,7,8,10,10,10:33
2,5,5,6,7,7,8,9,9,10:34
2,3,4,4,5,6,6,7,7,8:26
1,2,2,4,4,4,6,7,9,9:24
1,3,3,3,3,4,9,9,9,10:27
3,5,5,6,6,7,7,8,8,9:32
2,3,4,6,7,8,8,8,8,10:32
4,5,5,5,8,9,10,10,10,10:38
1,1,2,5,5,5,6,6,8,9:24
2,3,5,5,7,7,9,9,9,10:33
1,1,2,2,3,4,4,7,8,10:21
1,1,1,2,3,5,6,7,7,7:20
1,3,4,4,5,8,9,9,9,10:31
4,4,8,8,8,8,8,8,9,9:37
2,3,3,3,4,4,5,5,6,7:21
1,2,3,4,4,6,6,6,6,8:23
1,2,2,3,4,4,6,6,7,7:21
2,3,3,5,5,5,5,6,10,10:27
1,2,3,4,4,7,8,9,10,10:29
2,3,4,4,5,6,6,7,8,9:27
1,5,7,8,8,8,9,9,9,10:37
3,3,3,5,6,8,10,10,10,10:34
3,3,5,5,6,7,7,8,8,10:31
1,3,4,4,5,5,6,7,7,10:26
3,5,6,7,8,8,8,9,10,10:37
1,1,1,4,5,5,6,6,7,10:23
2,4,4,4,6,6,7,9,10,10:31
1,2,2,3,7,7,8,10,10,10:30
2,3,3,3,3,3,4,5,10,10:23
1,1,2,2,3,4,4,4,5,6:16
1,2,2,4,4,4,5,8,10,10:25
3,4,4,6,7,8,10,10,10,10:36
1,3,3,4,5,6,6,6,9,9:26
3,3,3,5,6,7,8,8,9,10:31
1,2,3,4,6,7,8,8,9,10:29
1,2,2,3,6,6,7,7,9,9:26
1,3,4,5,5,5,5,6,8,10:26
1,4,5,5,6,6,8,9,10,10:32
2,3,5,6,6,7,7,7,9,10:31
3,4,5,5,5,5,6,6,6,9:27
1,4,4,6,6,8,9,9,9,10:33
1,2,4,5,6,7,8,9,9,9:30
1,3,4,6,6,7,8,9,10,10:32
3,5,5,6,6,6,6,6,9,10:31
1,2,3,4,5,5,5,8,9,10:26
2,3,5,6,7,8,8,9,10,10:34
2,3,4,6,6,6,7,8,9,9:30
3,3,4,4,7,9,9,9,10,10:34
5,7,7,7,7,8,8,9,9,9:38
1,1,3,5,6,7,9,10,10,10:31
2,2,3,4,5,6,6,7,9,10:27
1,2,2,4,5,5,6,6,7,10:24
1,2,3,4,4,6,7,8,8,9:26
1,1,2,2,3,4,7,8,10,10:24
1,4,4,6,6,8,8,8,9,10:32
2,4,5,5,6,6,9,9,10,10:33
1,2,3,4,6,6,8,8,10,10:29
4,4,5,6,6,6,8,9,10,10:34
2,4,4,5,6,6,7,8,9,9:30
2,2,2,4,5,6,6,7,8,8:25
2,2,3,4,5,5,8,8,8,9:27
4,4,5,6,7,7,7,7,7,10:32
1,1,2,5,7,7,8,8,8,9:28
1,2,3,5,6,7,8,9,9,10:30
1,1,1,2,4,6,6,6,8,9:22
1,2,2,2,4,5,6,7,8,9:23
2,2,2,3,4,5,5,5,6,6:20
1,3,4,6,6,7,7,8,8,10:30
2,3,3,5,7,8,8,9,9,10:32
1,1,6,6,9,9,9,9,10,10:35
3,3,4,4,6,8,8,10,10,10:33
1,3,3,5,6,6,6,8,9,9:28
2,2,2,3,4,5,6,8,8,10:25
3,3,5,5,6,7,7,7,7,8:29
2,5,7,7,8,9,9,9,10,10:38
2,2,3,4,5,5,6,8,9,10:27
1,3,6,6,7,8,8,8,8,9:32
1,2,2,3,5,5,6,7,8,9:24
2,2,3,5,5,6,6,7,9,9:27
1,2,3,3,5,5,6,9,10,10:27
1,2,2,3,3,4,4,6,7,10:21
1,1,2,3,3,5,7,9,9,10:25
1,1,4,6,7,7,8,8,8,10:30
1,1,5,5,7,8,8,8,9,10:31
1,1,2,3,4,4,6,9,10,10:25
1,2,2,2,4,5,5,7,7,7:21
4,4,5,5,5,6,8,9,10,10:33
1,3,5,5,6,6,8,9,9,10:31
1,4,4,4,5,5,6,8,9,10:28
1,1,2,3,5,5,5,7,8,9:23
1,2,3,3,4,5,5,6,6,9:22
1,1,2,2,6,7,7,9,9,10:27
1,5,6,6,7,7,7,8,9,10:33
1,2,2,2,3,4,8,8,9,9:24
3,4,5,6,6,6,9,9,10,10:34
2,2,4,5,6,7,7,8,9,10:30
1,1,1,3,3,4,6,6,7,10:21
3,7,7,8,9,9,9,10,10,10:41
1,2,2,3,7,7,7,8,9,10:28
1,2,4,4,5,9,9,10,10,10:32
3,3,3,3,5,5,8,8,10,10:29
2,2,3,4,5,5,7,7,8,9:26
1,1,5,5,6,6,7,8,9,10:29
1,4,4,6,7,7,9,9,9,10:33
1,3,3,4,7,7,7,7,8,9:28
1,1,1,2,2,2,4,6,6,9:17
3,4,4,5,6,7,7,9,9,10:32
3,3,4,6,6,8,8,9,9,10:33
3,4,4,4,5,5,5,5,6,7:24
2,3,4,5,5,5,5,6,8,9:26
2,3,4,5,5,5,5,7,8,10:27
2,2,2,3,3,3,4,5,7,9:20
1,3,4,5,7,7,7,7,7,10:29
3,4,5,5,5,6,6,9,9,10:31
1,3,3,3,4,4,8,9,9,10:27
2,2,6,8,8,8,8,10,10,10:36
1,1,2,3,4,6,6,6,8,9:23
3,5,5,6,7,8,9,9,10,10:36
1,2,6,7,7,7,7,8,8,9:31
1,1,2,2,3,6,7,8,8,10:24
3,4,5,6,7,7,8,8,10,10:34
3,6,7,7,7,8,9,9,10,10:38
1,1,3,3,5,6,7,7,9,10:26
1,2,3,3,4,7,7,8,9,10:27
3,5,6,6,7,7,7,9,10,10:35
2,2,2,2,4,5,6,6,9,10:24
2,4,4,4,5,5,7,7,8,10:28
1,1,1,2,4,7,8,10,10,10:27
1,1,1,2,3,6,6,8,10,10:24
1,1,3,4,4,4,5,5,5,6:19
3,4,5,7,7,8,10,10,10,10:37
1,2,3,4,5,5,6,6,7,7:23
2,3,3,3,4,5,7,7,8,8:25
2,3,3,5,5,5,6,6,9,10:27
5,6,6,6,7,7,9,10,10,10:38
3,3,3,4,4,4,6,7,10,10:27
1,4,5,6,7,7,8,8,9,9:32
2,2,3,3,7,7,8,8,10,10:30
1,3,5,7,8,8,8,9,9,10:34
1,2,6,6,6,8,9,9,9,10:33
1,2,3,3,6,7,8,10,10,10:30
2,2,2,3,4,4,5,6,6,6:20
2,2,3,4,5,5,6,6,7,10:25
4,5,6,6,6,6,7,8,9,9:33
1,2,2,2,3,3,4,5,6,8:18
3,4,5,5,6,7,7,7,7,9:30
2,3,4,5,6,6,7,7,10,10:30
1,3,5,5,5,6,7,10,10,10:31
1,2,2,2,4,7,7,7,8,10:25
2,4,5,7,7,7,8,9,9,10:34
1,2,4,4,5,5,7,8,8,10:27
3,3,3,5,5,7,7,9,10,10:31
1,1,5,6,7,7,7,7,9,10:30
2,3,5,5,5,7,8,9,10,10:32
1,1,4,4,7,8,9,9,9,10:31
1,1,2,2,4,4,4,8,9,9:22
2,3,3,3,4,4,7,8,9,9:26
5,5,5,6,7,9,9,9,9,10:37
1,1,5,6,8,8,9,10,10,10:34
1,3,4,4,5,7,7,8,9,10:29
2,2,3,3,4,6,7,8,9,10:27
4,5,5,5,7,8,8,9,9,10:35
1,1,2,4,5,5,6,7,7,8:23
3,4,4,5,6,6,7,9,10,10:32
2,3,3,3,4,7,7,7,8,10:27
1,4,5,5,6,6,6,9,10,10:31
3,4,4,5,5,5,6,6,6,8:26
1,3,3,6,7,8,8,8,9,9:31
1,3,4,5,8,8,8,9,10,10:33
1,1,1,3,5,6,7,8,8,10:25
1,2,2,2,4,5,6,7,7,10:23
1,2,2,4,5,5,5,5,7,10:23
1,2,3,3,4,4,5,5,5,6:19
3,5,5,5,8,8,9,9,10,10:36
1,2,3,4,5,5,6,7,9,10:26
3,5,5,6,7,7,7,7,9,10:33
2,3,3,3,4,5,6,8,8,8:25
1,1,2,3,6,7,8,8,9,9:27
1,3,4,6,6,7,7,8,10,10:31
4,7,7,7,8,9,9,9,10,10:40
2,3,6,6,6,6,9,10,10,10:34
1,3,3,4,4,5,8,8,9,9:27
1,4,6,6,7,7,7,8,10,10:33
1,3,5,5,5,6,6,8,8,9:28
1,2,3,3,6,6,6,7,10,10:27
1,1,2,3,3,5,5,5,8,9:21
2,3,3,4,5,7,8,8,10,10:30
1,3,3,6,6,6,7,9,9,10:30
1,2,2,3,3,4,4,5,5,7:18
2,2,3,3,5,6,6,6,6,9:24
1,2,4,5,5,7,8,8,8,10:29
1,1,3,4,5,6,7,7,9,9:26
1,3,4,5,7,8,9,9,10,10:33
2,2,3,3,4,4,5,7,8,10:24
1,1,3,4,7,7,8,9,9,9:29
1,1,2,2,4,6,6,8,10,10:25
1,2,4,4,5,5,6,9,10,10:28
2,4,5,5,5,6,6,9,10,10:31
2,3,3,3,5,6,7,7,7,9:26
3,3,3,4,6,7,9,9,10,10:32
1,4,5,7,7,7,8,9,10,10:34
1,1,1,4,4,4,7,9,9,10:25
5,6,8,8,8,9,10,10,10,10:42
1,1,3,3,3,4,5,6,9,9:22
1,4,4,4,5,6,7,7,10,10:29
1,2,2,3,3,4,7,8,8,10:24
1,1,2,2,2,2,9,9,10,10:24
3,4,5,7,7,8,8,9,9,10:35
4,5,6,7,7,8,8,9,9,9:36
1,1,3,3,5,5,6,8,8,10:25
1,1,2,2,3,6,6,7,9,9:23
2,3,3,4,5,5,6,6,6,8:24
1,2,3,3,3,3,7,9,9,10:25
1,3,4,4,5,7,7,7,8,10:28
1,2,2,4,4,5,5,7,8,10:24
2,3,3,5,6,6,6,7,8,10:28
1,4,4,5,6,6,8,9,9,10:31
2,4,4,4,5,6,8,9,10,10:31
2,2,3,5,6,7,7,9,9,10:30
1,3,3,5,5,5,5,5,6,10:24
1,1,2,3,3,4,7,9,10,10:25
1,1,1,3,7,7,8,9,9,10:28
3,3,3,3,6,7,8,9,10,10:31
1,1,1,2,3,4,4,5,6,9:18
1,2,4,5,6,7,7,8,8,10:29
3,4,4,4,5,7,7,9,9,10:31
2,2,3,4,5,5,7,9,9,10:28
1,2,3,3,4,4,5,8,8,10:24
1,3,6,7,7,8,8,9,9,10:34
1,1,2,3,3,5,8,9,10,10:26
1,3,6,7,7,9,9,10,10,10:36
2,3,5,7,8,9,10,10,10,10:37
4,6,6,7,7,7,8,8,8,9:35
2,4,5,5,6,6,6,8,9,9:30
2,4,5,5,6,7,7,9,9,10:32
1,1,4,7,8,8,8,8,9,10:32
1,5,5,5,6,6,7,7,8,10:30
1,1,3,3,3,6,7,7,7,10:24
1,3,3,4,5,5,6,6,6,9:24
3,3,4,4,7,8,8,9,9,9:32
2,6,6,6,6,7,8,8,8,9:33
1,3,3,3,4,7,7,7,8,9:26
2,2,2,5,6,7,8,8,9,9:29
1,4,6,8,8,8,9,9,9,10:36
2,3,5,6,7,8,9,10,10,10:35
1,5,5,7,8,9,9,10,10,10:37
1,2,3,3,4,6,6,7,9,9:25
2,2,3,4,6,6,8,8,9,10:29
1,1,2,2,5,5,7,9,10,10:26
1,1,2,3,4,4,7,8,8,8:23
2,3,4,6,8,8,8,9,10,10:34
1,3,4,5,5,6,6,8,10,10:29
1,4,5,5,7,8,8,9,9,10:33
3,4,5,7,7,7,8,9,10,10:35
1,3,3,5,5,6,6,8,9,10:28
1,1,1,1,2,4,5,6,9,10:20
1,1,1,3,5,5,7,8,8,9:24
2,4,4,5,7,7,8,8,9,10:32
2,5,7,8,8,8,9,9,10,10:38
1,3,4,4,6,6,6,7,9,10:28
1,1,1,3,6,6,7,7,8,10:25
2,3,4,7,7,7,7,8,9,10:32
2,3,3,5,5,5,5,6,7,9:25
1,2,4,5,5,5,6,6,6,8:24
1,3,6,6,6,7,7,10,10,10:33
2,3,6,7,7,7,8,9,9,10:34
4,6,7,7,7,8,9,9,9,10:38
1,4,5,6,7,7,8,9,9,10:33
2,3,4,5,6,6,8,8,8,10:30
1,2,3,3,6,6,9,10,10,10:30
1,1,2,3,3,4,7,8,9,10:24
1,1,3,4,5,5,8,9,10,10:28
1,1,2,2,2,5,6,9,10,10:24
1,1,2,5,6,6,7,10,10,10:29
1,1,2,2,2,4,6,8,9,9:22
1,1,1,1,1,2,3,5,7,10:16
1,1,4,5,7,7,8,8,9,10:30
1,1,1,2,4,5,5,6,9,10:22
2,3,3,5,5,5,6,7,8,8:26
3,4,4,5,5,5,6,6,8,10:28
2,3,4,5,5,8,9,10,10,10:33
2,3,5,6,7,7,7,7,8,8:30
1,3,5,5,5,6,8,8,9,10:30
1,1,1,1,3,3,5,6,6,9:18
1,2,4,5,6,8,8,8,10,10:31
3,3,4,4,5,5,6,9,9,10:29
2,4,4,6,6,7,9,10,10,10:34
2,3,4,6,6,6,7,8,8,8:29
1,4,7,8,8,9,9,10,10,10:38
1,4,5,6,8,8,9,9,10,10:35
1,3,3,5,5,6,7,8,10,10:29
2,2,4,4,5,6,6,7,9,9:27
2,4,4,4,6,6,7,8,9,10:30
3,5,6,7,7,8,10,10,10,10:38
1,1,1,2,3,3,5,7,8,9:20
2,3,5,5,5,5,7,8,10,10:30
2,3,3,4,4,4,6,8,10,10:27
2,2,3,4,7,8,8,9,9,10:31
2,2,4,5,7,9,9,10,10,10:34
2,2,5,5,5,7,7,9,10,10:31
4,4,5,5,5,6,8,8,8,9:31
1,2,3,4,4,5,6,8,9,10:26
1,2,3,3,4,5,9,9,10,10:28
1,1,4,4,5,5,5,5,7,7:22
2,3,5,6,7,8,9,9,9,10:34
3,4,4,4,6,7,7,8,8,9:30
3,3,4,4,4,6,7,9,9,9:29
2,3,4,4,5,6,7,7,8,10:28
1,3,5,5,5,7,9,9,10,10:32
2,2,2,3,6,6,7,8,10,10:28
1,2,4,5,6,9,9,10,10,10:33
1,1,2,2,3,3,5,8,9,10:22
2,2,3,4,4,6,6,7,8,10:26
3,4,5,6,7,8,9,9,9,10:35
3,4,5,6,6,6,6,7,7,8:29
2,2,2,3,3,5,6,7,7,9:23
3,3,3,3,4,4,8,9,9,10:28
1,3,3,3,4,5,5,7,8,9:24
1,2,2,4,5,5,7,7,8,9:25
1,6,7,9,9,10,10,10,10,10:41
1,1,3,3,6,7,8,8,9,10:28
1,1,2,2,2,3,6,8,9,10:22
1,3,3,4,4,4,6,6,7,8:23
1,1,2,4,5,6,7,8,8,10:26
1,1,2,3,3,4,4,4,6,8:18
3,4,4,4,4,6,6,7,9,9:28
1,3,4,5,6,7,7,9,10,10:31
1,2,3,3,3,6,6,8,8,8:24
1,1,2,2,5,5,6,7,7,10:23
3,5,6,6,7,7,9,9,9,9:35
1,1,4,4,5,5,5,6,8,9:24
1,4,4,5,5,5,6,6,7,9:26
1,2,2,3,3,5,6,9,9,10:25
1,3,3,4,5,6,6,8,9,9:27
1,1,2,3,5,6,7,8,9,10:26
1,2,3,3,6,6,6,9,10,10:28
1,2,3,3,4,6,6,7,8,10:25
2,3,3,4,4,4,5,5,7,9:23
1,1,4,5,5,6,8,8,10,10:29
1,2,3,3,4,6,7,7,8,9:25
1,1,1,2,3,5,5,8,9,9:22
2,3,4,6,6,7,8,8,9,9:31
1,2,4,4,5,6,6,7,7,10:26
1,2,3,5,5,6,9,9,9,9:29
1,3,4,4,4,5,5,7,8,9:25
1,1,1,2,3,7,7,8,10,10:25
2,2,3,3,4,6,8,9,9,10:28
1,1,5,7,8,8,8,9,9,10:33
1,3,3,4,4,4,4,6,8,9:23
2,4,4,8,8,8,8,9,9,10:35
1,3,3,3,5,6,6,7,10,10:27
3,4,4,5,5,6,7,8,10,10:31
1,1,3,3,7,7,7,8,8,9:27
2,2,2,2,3,4,5,5,6,9:20
2,2,5,5,6,7,8,8,9,10:31
1,2,5,5,5,6,8,9,9,10:30
3,4,5,6,7,8,8,8,9,10:34
1,1,2,2,2,3,6,7,8,10:21
3,3,3,5,6,7,7,7,9,10:30
1,2,6,6,7,8,9,9,10,10:34
2,3,3,4,4,8,8,8,10,10:30
1,1,5,6,7,7,8,8,9,10:31
2,2,3,6,6,7,7,8,8,9:29
1,2,3,4,6,6,9,9,10,10:30
1,1,2,2,3,7,7,8,9,10:25
1,2,3,3,5,6,7,7,8,10:26
1,1,2,3,6,8,9,9,9,10:29
1,2,2,4,6,7,8,9,9,10:29
2,2,4,5,5,5,8,9,10,10:30
2,3,4,5,7,8,8,9,10,10:33
1,1,2,2,4,5,6,6,7,10:22
1,2,3,4,5,7,8,10,10,10:30
3,4,5,5,6,9,9,9,10,10:35
1,1,3,4,5,6,6,6,7,9:24
2,2,3,4,4,6,7,7,8,9:26
1,3,6,8,9,9,9,9,10,10:37
1,3,4,4,5,5,6,9,9,10:28
1,1,3,5,7,8,8,8,9,10:30
1,1,1,2,2,3,6,6,6,8:18
1,3,3,3,3,5,6,7,7,10:24
1,1,2,2,5,5,6,6,7,7:21
2,2,3,4,6,7,7,7,8,8:27
3,5,6,6,6,6,7,7,8,10:32
3,4,5,6,6,8,9,9,10,10:35
1,2,2,2,5,6,6,6,10,10:25
2,3,3,5,6,6,6,7,7,9:27
1,1,4,5,5,5,8,8,8,9:27
1,1,1,1,2,2,3,4,9,10:17
1,1,2,4,4,5,6,7,10,10:25
2,2,4,4,6,6,8,9,9,10:30
3,3,3,4,6,7,8,8,8,10:30
3,5,5,6,8,8,8,9,10,10:36
1,2,3,4,8,9,9,10,10,10:33
1,1,2,4,4,5,6,6,8,9:23
2,4,4,5,5,6,7,7,7,9:28
3,3,6,6,6,7,9,9,9,10:34
1,2,2,4,5,5,8,8,9,10:27
1,2,3,3,4,4,6,8,9,10:25
3,4,4,5,7,7,7,9,10,10:33
3,3,4,4,5,6,7,8,10,10:30
1,1,2,3,5,7,8,8,9,10:27
1,1,1,2,3,3,4,5,8,10:19
1,1,1,2,5,8,8,8,8,10:26
1,2,4,4,4,5,7,7,9,9:26
1,1,1,3,5,5,8,8,8,10:25
2,2,3,3,3,4,7,7,8,9:24
1,2,3,4,6,6,9,9,9,9:29
2,2,2,5,6,6,7,10,10,10:30
3,3,5,5,6,6,7,8,9,10:31
3,4,4,5,8,8,8,9,9,10:34
2,3,5,7,7,8,8,10,10,10:35
1,2,2,3,3,5,5,7,8,8:22
1,1,1,1,7,7,9,9,10,10:28
1,1,2,3,3,6,6,6,6,10:22
2,2,5,5,6,6,7,7,10,10:30
1,2,4,5,5,5,6,8,9,9:27
1,4,4,4,5,8,9,9,10,10:32
1,3,3,3,5,6,6,8,9,10:27
1,1,2,3,3,4,4,6,8,8:20
1,3,4,5,5,6,7,8,9,10:29
1,1,2,4,5,6,7,9,9,10:27
1,2,3,3,5,8,8,9,9,10:29
3,4,5,5,5,6,6,7,9,10:30
2,2,2,4,4,5,6,7,8,10:25
3,4,5,7,8,8,8,9,10,10:36
2,3,3,3,4,7,7,8,9,10:28
3,4,4,5,6,6,6,7,8,9:29
1,2,3,4,5,6,8,9,10,10:29
2,3,5,5,6,6,8,8,9,10:31
1,3,5,6,6,8,8,8,9,10:32
3,5,6,6,6,7,8,8,8,9:33
1,6,7,7,8,9,9,9,10,10:38
1,3,4,5,6,6,6,7,9,9:28
2,3,3,3,3,4,5,5,6,6:20
1,1,4,5,5,7,8,9,10,10:30
2,3,4,4,5,6,8,9,9,10:30
2,3,3,3,5,6,8,9,9,10:29
1,3,4,6,6,6,6,7,9,10:29
2,3,3,3,4,5,10,10,10,10:30
1,1,2,2,3,3,4,4,10,10:20
1,2,3,3,3,5,5,9,9,10:25
3,3,4,4,4,5,6,9,9,9:28
3,3,4,5,6,6,7,7,8,9:29
2,2,2,3,4,5,7,7,8,8:24
2,3,4,5,6,8,8,8,8,10:31
3,4,5,6,6,6,6,6,7,7:28
1,2,6,6,7,7,9,9,9,10:33
3,4,7,8,8,8,8,8,10,10:37
2,3,3,3,7,7,7,9,9,10:30
1,1,2,3,6,7,7,8,9,10:27
1,1,3,3,3,4,4,6,7,8:20
1,2,3,5,5,6,7,8,9,10:28
1,4,5,5,6,7,8,8,10,10:32
1,2,4,4,6,7,8,9,9,10:30
5,7,7,7,8,9,9,10,10,10:41
1,3,3,4,6,6,8,8,9,10:29
3,3,5,5,6,6,8,8,8,8:30
1,2,3,3,4,5,6,6,8,10:24
2,3,3,5,6,6,6,7,10,10:29
2,2,4,5,5,9,9,10,10,10:33
1,1,3,3,4,4,7,7,8,10:24
1,1,2,3,6,6,7,7,7,8:24
1,1,5,6,7,7,8,9,10,10:32
1,2,5,5,7,7,8,8,9,10:31
1,2,4,6,7,8,9,9,9,9:32
1,3,4,5,7,7,8,8,9,10:31
1,2,2,3,4,5,7,9,9,10:26
3,4,4,5,6,7,8,9,10,10:33
2,3,3,4,5,8,8,9,10,10:31
2,3,4,5,6,8,8,8,10,10:32
2,4,6,7,9,9,9,10,10,10:38
1,1,2,3,3,4,9,9,10,10:26
1,1,4,4,5,5,5,7,9,9:25
4,5,5,6,6,6,9,9,9,9:34
3,4,5,6,6,7,8,8,8,9:32
2,2,4,5,7,7,8,8,9,10:31
4,7,7,9,9,10,10,10,10,10:43
1,2,3,4,5,5,6,9,9,10:27
1,1,4,4,5,6,6,8,8,9:26
1,3,4,5,5,6,7,9,10,10:30
3,3,3,4,5,7,7,8,9,9:29
1,3,4,4,4,6,7,7,8,8:26
1,2,3,5,6,7,7,8,9,10:29
2,3,5,6,7,7,9,9,10,10:34
3,3,4,4,6,6,6,7,8,9:28
1,2,3,4,4,4,7,8,8,9:25
2,2,2,4,4,5,5,6,9,9:24
1,2,3,5,7,7,8,8,9,10:30
1,1,2,3,4,5,8,9,9,10:26
3,3,6,7,7,7,7,8,8,8:32
2,2,3,4,5,7,7,9,9,10:29
2,3,4,4,4,5,8,8,8,10:28
2,2,2,5,6,8,8,8,9,10:30
2,2,4,6,6,8,8,9,9,10:32
1,1,1,3,4,7,8,8,8,9:25
2,2,3,4,5,5,5,7,7,10:25
1,1,2,4,5,5,5,8,9,10:25
3,5,5,6,6,7,7,8,9,10:33
1,2,5,5,6,7,8,9,9,10:31
2,3,3,4,5,6,7,8,8,10:28
3,5,6,7,7,8,9,9,9,9:36
3,3,4,5,6,6,7,7,9,10:30
2,3,6,6,7,7,8,9,9,9:33
2,3,4,4,5,5,6,6,6,7:24
2,2,4,5,6,7,9,9,10,10:32
2,3,6,8,8,8,9,10,10,10:37
4,6,6,8,8,9,9,10,10,10:40
1,4,5,7,7,8,8,9,9,10:34
1,2,3,3,4,5,8,8,10,10:27
1,2,3,3,4,5,8,10,10,10:28
2,2,5,5,8,8,9,9,10,10:34
1,1,2,3,5,6,7,7,8,10:25
3,4,4,5,6,7,9,10,10,10:34
1,2,2,2,3,5,8,8,9,10:25
1,2,2,3,3,3,6,6,8,8:21
1,2,3,3,6,6,7,7,7,10:26
2,3,4,4,5,5,7,8,9,9:28
1,5,6,6,8,8,8,8,10,10:35
4,6,6,8,8,9,9,9,9,10:39
1,2,2,3,3,6,6,7,8,10:24
1,3,6,8,8,9,9,10,10,10:37
1,1,1,2,3,5,5,6,7,9:20
1,2,3,3,7,8,9,9,10,10:31
3,3,3,4,5,6,7,8,9,10:29
3,4,5,6,7,7,8,8,9,9:33
1,3,4,5,5,5,7,7,9,10:28
2,5,5,6,6,6,7,9,10,10:33
1,1,3,3,7,7,9,9,9,9:29
1,1,5,5,8,8,10,10,10,10:34
2,3,4,6,6,7,7,8,8,9:30
1,1,3,4,6,6,7,8,9,9:27
2,3,3,4,4,6,7,8,9,10:28
2,3,3,4,4,4,5,5,8,8:23
2,3,3,4,7,7,8,9,9,10:31
1,1,1,2,4,5,9,9,10,10:26
2,3,3,4,5,5,9,9,9,9:29
2,2,4,5,5,6,7,9,10,10:30
1,2,4,5,6,6,8,8,10,10:30
5,5,5,7,8,9,9,10,10,10:39
2,5,5,5,7,7,7,8,8,10:32
1,1,3,4,4,4,5,7,8,9:23
1,2,3,3,6,6,6,8,9,10:27
1,1,2,4,6,6,6,8,8,10:26
1,1,1,3,4,5,7,8,8,8:23
1,1,2,3,4,6,6,8,8,9:24
1,2,4,4,6,6,7,8,10,10:29
2,2,4,6,6,6,7,8,8,9:29
1,1,1,4,5,6,6,7,9,10:25
1,1,2,3,3,4,6,7,8,9:22
2,5,6,6,6,6,7,7,7,10:31
3,4,4,5,5,6,6,8,8,9:29
2,5,6,8,9,9,9,10,10,10:39
1,2,3,3,3,6,8,8,8,10:26
1,2,2,3,3,5,6,7,8,9:23
2,3,3,6,7,8,8,8,9,10:32
1,1,1,3,3,5,8,9,9,10:25
1,4,4,4,5,7,8,8,8,9:29
2,2,2,5,5,6,6,8,10,10:28
2,4,4,7,7,8,8,8,9,9:33
6,7,7,8,8,8,9,9,10,10:41
1,1,1,1,2,2,5,6,8,9:18
3,4,5,6,7,8,9,10,10,10:36
1,2,2,3,3,4,4,5,6,8:19
1,1,3,3,8,9,9,9,9,10:31
2,2,4,5,5,7,8,8,9,10:30
1,2,3,3,4,5,6,7,9,10:25
1,4,4,5,5,7,8,8,9,9:30
1,1,3,4,5,5,8,8,9,10:27
1,2,2,4,5,7,9,10,10,10:30
2,3,4,4,4,5,7,8,8,9:27
1,1,3,4,5,6,6,8,10,10:27
1,1,1,3,4,5,8,9,10,10:26
1,2,3,3,4,4,7,8,9,9:25
3,5,5,6,7,8,8,8,8,10:34
5,5,5,7,7,7,8,10,10,10:37
1,3,5,5,6,6,6,8,9,9:29
1,3,4,6,7,7,8,8,9,9:31
1,4,4,7,8,8,9,9,9,9:34
1,2,4,5,8,8,8,8,10,10:32
3,4,4,5,5,5,7,8,9,10:30
1,3,5,5,7,8,9,9,9,10:33
1,1,2,4,5,5,6,7,8,9:24
1,2,4,5,5,5,6,7,7,8:25
3,4,4,5,5,6,7,8,8,10:30
3,5,5,5,6,7,8,8,9,10:33
2,3,4,4,5,6,6,8,8,10:28
1,2,2,4,6,7,7,7,9,9:27
1,5,5,5,6,6,6,7,8,9:29
1,5,6,6,7,7,9,9,10,10:35
1,1,4,4,8,8,8,9,9,10:31
1,3,3,3,4,5,6,8,8,9:25
1,1,1,2,2,6,7,7,9,10:23
2,2,3,4,6,7,7,7,9,9:28
3,4,5,7,9,9,9,10,10,10:38
2,2,2,3,3,4,6,8,10,10:25
1,1,3,3,4,5,7,7,9,10:25
4,7,7,8,9,9,10,10,10,10:42
2,2,5,7,8,10,10,10,10,10:37
3,4,4,4,6,6,7,8,10,10:31
2,4,4,6,7,7,8,8,8,10:32
2,2,2,3,3,4,6,7,9,10:24
1,1,3,4,6,7,8,8,10,10:29
2,4,4,5,7,7,7,9,9,10:32
5,6,6,7,7,7,7,7,10,10:36
1,2,3,4,5,6,7,8,8,10:27
2,2,2,3,5,6,6,7,8,9:25
3,3,5,5,6,6,7,7,8,10:30
1,3,3,3,3,4,6,6,9,10:24
3,3,4,5,6,6,6,7,7,9:28
3,3,4,5,8,9,10,10,10,10:36
1,3,3,4,5,5,7,7,9,10:27
3,4,4,4,6,8,9,9,9,10:33
1,2,2,2,3,5,5,6,7,9:21
1,1,3,3,8,8,8,8,9,9:29
1,2,3,6,6,7,8,9,10,10:31
4,5,6,6,7,8,8,10,10,10:37
1,2,3,4,5,6,6,6,8,9:25
2,2,3,3,5,5,8,9,9,10:28
2,2,3,4,4,5,5,8,8,9:25
4,4,5,5,5,5,7,7,8,10:30
1,1,3,5,6,6,9,9,10,10:30
1,1,5,5,5,7,8,9,9,10:30
2,2,4,4,4,5,5,5,8,9:24
1,2,4,4,5,6,6,10,10,10:29
3,4,4,6,7,8,8,10,10,10:35
1,1,3,4,5,5,7,8,9,9:26
1,3,3,3,4,4,6,7,8,9:24
2,3,3,5,6,8,8,9,10,10:32
2,3,4,5,6,6,8,9,9,10:31
2,2,2,4,4,5,7,8,10,10:27
1,2,4,5,7,7,8,8,8,10:30
2,5,6,6,7,10,10,10,10,10:38
1,2,2,5,6,6,6,7,7,8:25
3,3,4,5,5,5,5,8,10,10:29
1,2,4,4,5,7,7,8,10,10:29
4,6,6,6,7,8,8,9,10,10:37
1,2,6,6,8,8,9,9,9,10:34
1,1,2,3,4,5,6,8,9,9:24
3,3,4,4,4,5,7,7,8,9:27
2,3,3,5,6,6,7,8,8,10:29
1,3,6,6,7,7,8,9,9,10:33
1,1,2,3,5,7,7,8,8,10:26
1,2,3,4,4,5,5,10,10,10:27
3,3,4,4,4,5,5,6,10,10:27
2,3,6,7,7,8,8,8,9,10:34
1,1,1,3,4,7,9,9,9,10:27
1,2,5,6,7,7,8,8,10,10:32
2,3,3,5,6,6,7,8,9,9:29
1,1,2,3,6,7,7,7,10,10:27
4,5,5,6,7,8,8,9,10,10:36
2,3,3,3,4,6,6,8,9,10:27
2,2,3,4,5,5,6,6,9,10:26
3,3,4,4,6,6,7,9,9,9:30
1,4,4,4,5,5,7,10,10,10:30
1,2,5,6,6,7,7,8,8,8:29
2,5,5,6,7,7,7,8,9,10:33
1,2,2,3,4,7,8,9,9,9:27
3,3,3,4,5,6,6,6,7,7:25
1,4,6,6,7,7,8,9,9,9:33
1,1,4,5,5,7,8,8,9,10:29
2,2,2,3,5,6,9,9,10,10:29
3,4,4,5,7,9,9,9,9,9:34
1,2,4,5,7,8,8,9,10,10:32
2,3,5,6,6,6,7,7,8,10:30
2,2,3,4,4,8,8,8,9,10:29
1,4,5,6,6,7,7,9,9,10:32
1,2,2,4,5,6,6,7,9,10:26
1,2,2,3,3,3,5,6,7,8:20
1,1,2,2,3,4,4,4,5,10:18
1,1,3,5,5,6,6,7,8,10:26
2,3,4,4,5,6,6,7,7,10:27
3,3,3,4,4,5,6,7,9,10:27
2,3,4,5,6,6,7,7,7,9:28
2,4,4,4,5,5,6,6,8,10:27
3,5,8,8,9,9,10,10,10,10:41
2,2,2,3,4,4,4,6,7,8:21
1,2,3,4,6,6,6,6,8,8:25
5,6,7,7,8,8,8,8,9,10:38
1,1,4,4,5,7,8,9,9,10:29
1,4,6,6,6,7,8,8,8,10:32
2,2,3,3,3,3,6,7,9,10:24
2,4,5,6,6,6,6,8,9,10:31
3,5,6,6,6,6,7,9,10,10:34
2,4,4,4,4,5,5,5,7,10:25
2,2,2,5,5,5,6,7,7,9:25
2,4,5,7,7,8,9,10,10,10:36
3,3,5,7,7,8,9,10,10,10:36
2,3,4,6,6,6,8,9,9,9:31
1,1,4,5,6,7,8,8,10,10:30
3,3,6,6,6,7,7,8,8,10:32
3,6,6,6,6,8,9,10,10,10:37
3,4,4,5,6,7,7,8,8,8:30
1,1,2,2,3,4,6,7,7,9:21
3,4,5,5,5,7,8,8,8,9:31
2,2,3,4,5,6,7,8,9,10:28
1,2,2,5,6,7,7,8,8,10:28
3,4,6,6,7,8,9,9,10,10:36
4,5,5,5,5,5,7,8,9,9:31
2,3,4,4,6,7,8,8,10,10:31
1,1,2,4,5,6,8,9,10,10:28
2,3,4,4,5,7,9,9,9,10:31
1,1,2,2,3,4,5,5,6,9:19
1,2,3,5,5,5,6,7,8,10:26
3,3,5,6,8,9,9,9,10,10:36
2,4,5,6,6,7,8,10,10,10:34
1,1,2,3,3,4,8,9,9,10:25
2,4,4,4,4,7,7,8,10,10:30
6,6,6,7,7,7,7,8,9,9:36
1,2,2,3,3,4,4,6,8,9:21
3,3,6,6,8,8,8,9,9,10:35
2,3,3,3,5,6,8,8,9,9:28
1,1,2,2,3,4,4,8,8,9:21
2,3,3,6,7,7,7,9,10,10:32
3,4,5,5,6,7,8,9,9,10:33
1,1,1,2,2,3,4,5,9,10:19
1,1,3,4,4,4,5,6,10,10:24
2,3,3,4,4,4,6,9,9,10:27
2,3,3,4,5,7,8,9,9,10:30
1,2,2,3,3,4,5,6,7,7:20
1,1,3,3,4,5,9,10,10,10:28
4,4,5,6,6,7,8,9,9,10:34
2,4,4,5,7,8,8,9,9,10:33
1,3,5,5,6,7,7,8,8,10:30
1,3,5,5,6,8,9,9,10,10:33
2,3,3,3,4,4,4,5,8,10:23
5,5,6,6,6,6,7,7,9,9:33
1,1,2,3,3,3,4,6,9,10:21
2,3,3,6,6,6,7,8,8,9:29
1,3,4,4,5,6,6,6,7,8:25
1,3,3,4,5,6,6,7,8,9:26
4,6,6,6,7,8,8,9,9,9:36
1,2,2,3,3,5,5,8,8,9:23
5,6,6,7,7,7,8,8,9,9:36
1,1,3,4,7,7,7,8,10,10:29
1,5,5,6,6,7,7,7,7,9:30
1,2,2,2,6,8,8,9,10,10:29
1,1,1,1,6,7,7,7,9,10:25
1,1,1,3,4,5,7,8,8,10:24
1,2,3,4,4,6,7,9,10,10:28
2,3,4,5,6,6,6,7,9,10:29
1,2,6,7,8,8,9,9,10,10:35
1,1,2,4,4,4,5,5,6,10:21
3,3,4,6,6,6,7,8,9,10:31
1,1,2,2,3,5,6,7,8,9:22
3,5,5,6,6,8,9,9,9,10:35
2,3,3,3,5,5,6,6,7,10:25
1,1,2,3,4,5,5,7,8,10:23
1,1,2,4,5,7,7,8,9,10:27
1,2,3,3,3,5,7,7,9,10:25
1,4,5,5,6,8,9,9,9,10:33
1,2,4,5,6,7,8,8,9,10:30
1,1,3,3,5,6,8,8,9,10:27
1,1,1,1,2,5,6,6,7,10:20
1,2,3,3,4,5,5,6,7,10:23
1,2,3,4,6,8,8,10,10,10:31
1,2,2,5,5,6,8,8,9,10:28
1,3,3,4,5,6,7,7,8,10:27
1,2,2,3,4,5,5,6,8,8:22
2,2,3,3,5,6,6,7,8,8:25
1,2,3,4,5,5,8,9,9,10:28
1,1,1,1,6,7,8,9,10,10:27
2,4,5,5,6,6,7,9,10,10:32
2,3,4,6,6,8,8,9,10,10:33
1,3,3,5,6,7,7,9,9,10:30
1,1,3,6,7,7,7,9,9,10:30
1,3,3,4,7,9,9,10,10,10:33
2,3,3,6,6,7,8,9,10,10:32
1,1,2,3,3,5,6,7,8,10:23
2,2,2,2,2,3,4,5,6,8:18
1,3,3,3,3,4,5,7,7,8:22
2,3,3,3,4,5,7,8,9,10:27
1,2,2,2,5,7,9,9,9,10:28
3,3,4,4,4,5,5,6,7,7:24
2,2,3,3,3,4,5,8,10,10:25
1,3,3,5,5,6,7,8,8,10:28
1,1,1,4,4,5,5,6,7,8:21
1,2,4,5,6,7,7,8,9,9:29
2,4,4,4,6,7,8,9,10,10:32
2,3,4,4,4,4,5,5,7,8:23
2,3,3,6,6,7,7,9,9,10:31
2,2,2,2,2,3,4,4,8,9:19
4,4,5,5,5,6,8,9,9,9:32
1,2,3,3,3,4,5,7,8,8:22
1,3,3,4,4,6,7,7,7,10:26
1,1,1,2,2,4,5,7,7,8:19
3,3,4,5,5,7,7,8,8,10:30
3,4,5,6,6,7,9,10,10,10:35
1,2,4,7,7,8,8,9,10,10:33
2,4,6,6,7,7,7,8,9,10:33
1,5,6,6,8,9,9,10,10,10:37
1,3,4,7,7,8,9,9,9,9:33
1,2,4,5,7,7,8,8,9,9:30
3,3,4,4,7,7,7,8,8,9:30
1,2,2,3,6,6,8,10,10,10:29
2,4,4,6,6,6,7,7,8,8:29
2,2,4,5,5,5,5,6,7,9:25
1,4,5,6,7,7,7,7,8,8:30
1,2,2,3,4,4,5,5,6,10:21
2,2,4,5,6,7,8,9,9,10:31
1,2,3,4,7,7,7,8,9,10:29
1,2,3,3,4,4,7,7,9,10:25
2,3,3,5,5,5,6,7,7,9:26
3,3,3,5,7,7,7,7,8,8:29
2,3,5,6,7,7,7,7,10,10:32
2,5,5,6,7,8,8,9,9,9:34
2,3,5,7,7,7,8,8,9,10:33
1,1,4,5,5,5,9,10,10,10:30
2,3,4,5,7,7,8,8,8,8:30
1,2,2,2,3,4,4,5,7,8:19
2,4,5,7,7,8,8,9,9,9:34
1,2,3,4,4,4,7,7,10,10:26
1,1,2,2,3,4,4,5,6,8:18
1,2,2,3,6,6,8,8,10,10:28
1,1,3,4,4,4,7,7,9,10:25
1,1,2,4,4,5,5,5,7,8:21
1,5,5,6,8,8,9,10,10,10:36
6,6,6,6,7,7,7,8,9,10:36
2,4,5,5,6,7,8,9,9,9:32
2,4,5,5,6,7,8,8,9,10:32
1,1,1,2,5,8,8,10,10,10:28
1,2,2,4,8,9,9,9,10,10:32
2,2,5,8,8,9,9,9,10,10:36
2,3,3,4,4,4,7,9,10,10:28
1,1,1,2,3,4,5,6,7,10:20
1,3,3,5,6,6,8,8,10,10:30
1,2,2,4,4,5,8,8,10,10:27
2,3,4,5,7,7,8,9,9,10:32
1,1,1,1,1,2,6,7,7,7:17
2,2,2,4,5,6,7,7,8,9:26
1,3,5,5,6,6,7,7,8,10:29
1,3,6,6,8,9,9,10,10,10:36
2,4,5,5,5,7,9,9,10,10:33
1,3,3,6,6,6,8,9,9,9:30
2,3,5,5,6,7,9,9,10,10:33
1,2,3,3,4,5,8,9,9,10:27
1,1,2,3,4,7,7,8,8,9:25
1,2,2,5,7,8,8,8,9,10:30
4,5,5,6,7,8,8,9,9,9:35
1,1,1,3,5,5,5,6,8,9:22
3,4,5,6,6,6,7,9,9,9:32
1,4,4,5,5,5,6,7,7,10:27
1,3,4,4,4,5,6,6,7,10:25
1,1,1,3,5,6,6,6,7,10:23
2,2,3,3,4,4,7,8,9,10:26
1,1,2,4,6,7,7,7,8,9:26
2,5,7,7,7,8,8,9,9,10:36
1,3,3,3,4,4,4,7,7,8:22
1,1,3,3,3,3,3,5,7,9:19
1,1,3,3,5,6,7,9,9,10:27
2,2,4,4,6,7,8,9,10,10:31
3,3,4,4,5,5,6,7,7,8:26
1,1,3,3,5,7,7,7,10,10:27
1,1,2,3,3,4,4,5,8,9:20
1,5,5,6,7,8,8,8,10,10:34
1,3,4,4,6,7,7,8,8,10:29
3,6,6,6,7,7,8,8,9,10:35
1,1,1,2,4,5,5,6,7,8:20
1,1,1,1,3,3,7,7,8,8:20
1,1,1,2,3,4,4,5,7,8:18
1,1,1,2,3,3,7,7,9,10:22
1,2,5,5,6,8,8,9,10,10:32
4,4,4,6,6,7,7,7,8,9:31
2,3,3,4,4,4,6,7,8,9:25
1,2,2,3,3,4,6,7,8,10:23
1,4,4,5,7,8,8,9,10,10:33
2,2,4,5,5,5,5,5,8,9:25
1,1,2,3,5,5,5,5,8,9:22
1,3,3,4,4,5,6,7,7,10:25
4,5,5,6,7,7,8,10,10,10:36
2,3,4,5,6,8,8,9,9,10:32
1,2,2,2,3,5,6,6,8,9:22
3,3,4,4,6,7,9,9,9,10:32
2,3,4,5,6,6,6,6,6,8:26
1,1,2,2,3,3,6,6,7,9:20
1,2,2,4,4,4,5,6,10,10:24
1,2,5,5,5,7,7,10,10,10:31
2,2,3,4,4,5,7,7,8,10:26
1,2,2,5,6,6,7,9,10,10:29
2,4,5,5,6,7,8,9,10,10:33
1,1,3,3,4,5,5,5,7,8:21
2,2,3,3,4,5,6,7,8,10:25
1,2,3,4,5,7,7,8,9,10:28
1,2,2,3,4,5,5,6,9,9:23
1,1,2,3,4,6,6,7,8,8:23
2,3,4,5,5,5,7,7,7,7:26
1,3,4,4,5,5,6,6,9,9:26
1,2,4,5,5,9,10,10,10,10:33
1,3,4,4,4,7,9,9,9,10:30
1,3,5,6,7,7,8,9,10,10:33
3,4,4,7,7,8,8,9,10,10:35
6,6,6,6,7,8,8,9,10,10:38
1,2,3,4,6,7,7,10,10,10:30
3,4,5,5,5,5,5,6,7,9:27
1,1,3,4,6,7,8,8,9,9:28
3,4,5,5,6,7,8,8,9,9:32
1,4,4,4,5,6,6,6,7,9:26
1,1,3,3,3,4,4,4,7,8:19
1,3,4,7,7,9,9,10,10,10:35
2,2,3,3,3,4,4,5,5,9:20
1,1,1,3,3,4,7,8,10,10:24
1,1,1,1,4,5,8,9,10,10:25
1,1,3,3,4,5,7,8,9,9:25
2,2,3,4,8,8,9,9,9,10:32
2,4,5,6,6,7,8,8,9,9:32
2,2,3,5,5,5,6,8,8,10:27
2,2,3,3,7,8,8,9,10,10:31
1,3,3,3,4,5,6,6,6,7:22
2,3,6,6,7,7,7,8,9,9:32
1,3,4,5,5,6,7,7,7,7:26
1,2,4,6,7,7,7,8,8,8:29
2,3,4,4,5,5,6,7,7,9:26
1,1,2,3,4,4,5,6,6,10:21
2,4,6,7,7,8,8,10,10,10:36
1,1,4,4,7,8,8,8,9,10:30
2,2,4,4,4,5,8,8,8,9:27
1,2,4,5,5,6,6,6,7,10:26
3,5,5,6,7,8,8,9,9,10:35
1,2,3,3,6,7,8,9,9,10:29
2,4,5,5,6,6,6,6,8,10:29
1,1,1,2,2,3,5,7,7,9:19
2,2,5,6,6,7,8,8,9,9:31
1,4,4,5,5,6,8,9,10,10:31
2,3,4,4,5,5,6,6,9,10:27
5,7,7,7,8,8,8,9,9,10:39
1,2,4,4,4,5,7,7,8,10:26
1,4,4,4,6,6,8,9,10,10:31
2,3,3,4,4,4,5,7,9,9:25
1,1,5,5,6,6,7,9,10,10:30
1,2,3,3,4,4,5,6,7,9:22
1,5,5,5,6,7,8,9,10,10:33
3,3,3,4,4,6,6,7,7,9:26
2,2,2,4,6,6,7,8,9,10:28
3,4,5,5,5,5,6,9,10,10:31
2,3,4,5,6,6,9,9,10,10:32
1,1,3,3,5,5,5,7,7,9:23
1,1,2,6,6,7,7,8,9,9:28
1,2,3,5,8,9,10,10,10,10:34
2,2,4,5,5,6,6,6,10,10:28
3,4,4,4,4,5,5,5,5,5:22
1,1,2,2,2,3,7,8,10,10:23
1,4,4,4,5,5,6,9,10,10:29
1,2,2,3,4,5,5,5,8,9:22
2,3,3,4,4,5,6,6,8,9:25
1,2,3,4,5,5,6,7,8,9:25
1,2,3,3,6,6,8,8,8,9:27
2,2,3,3,4,4,6,6,7,9:23
1,3,3,3,5,6,7,10,10,10:29
1,2,2,2,3,3,5,5,6,7:18
1,1,1,2,5,5,6,7,8,8:22
1,4,5,5,5,6,6,9,9,10:30
2,3,3,4,5,5,5,6,7,8:24
1,1,1,3,4,5,6,7,8,10:23
1,4,4,4,4,6,6,8,9,10:28
1,2,2,2,5,7,7,8,9,9:26
1,2,2,2,3,4,5,7,8,10:22
1,2,5,6,6,7,8,9,10,10:32
2,2,3,5,5,6,7,7,9,10:28
2,2,3,4,4,4,6,6,9,10:25
1,1,1,2,5,6,7,7,10,10:25
1,2,2,2,3,5,5,7,7,8:21
3,4,5,5,5,6,6,8,8,10:30
1,1,2,4,4,5,6,7,8,10:24
1,4,5,6,6,6,7,8,8,9:30
4,5,5,6,7,7,7,7,7,9:32
1,3,3,5,6,8,9,9,10,10:32
2,3,3,4,4,4,5,5,6,6:21
2,5,5,5,6,6,7,8,8,8:30
2,2,6,7,7,8,8,10,10,10:35
1,2,3,5,7,9,9,9,9,10:32
2,2,5,5,6,6,6,8,10,10:30
3,4,4,5,5,5,6,6,7,9:27
2,2,4,4,4,7,9,9,9,10:30
2,2,2,6,6,6,7,7,8,10:28
1,2,3,5,5,5,6,8,8,9:26
1,4,6,6,7,7,8,9,10,10:34
1,3,3,4,4,6,6,6,9,10:26
1,3,4,4,5,6,7,7,9,10:28
1,2,2,3,6,7,8,9,9,9:28
1,1,1,3,4,5,5,7,8,9:22
1,2,2,3,3,5,7,8,8,9:24
1,2,4,4,8,8,8,9,10,10:32
1,1,2,3,5,5,6,6,6,7:21
2,3,7,7,9,9,9,10,10,10:38
1,1,4,4,5,7,7,7,7,9:26
4,4,4,5,6,6,9,9,9,10:33
3,4,5,5,6,6,7,7,9,10:31
1,3,3,3,5,6,6,6,6,7:23
2,3,4,4,4,5,6,8,10,10:28
1,2,2,3,6,7,7,9,9,10:28
1,1,2,2,3,3,4,5,6,7:17
3,3,3,3,7,7,8,9,9,10:31
2,3,7,7,7,7,9,9,9,10:35
1,1,4,5,5,5,7,7,9,10:27
1,2,3,4,6,6,6,8,9,9:27
1,2,2,3,3,5,7,7,7,9:23
1,2,3,6,6,8,8,8,8,10:30
4,4,5,5,6,6,7,8,9,10:32
1,2,4,5,5,6,8,9,9,9:29
1,2,2,2,4,4,6,7,8,8:22
1,2,3,4,7,8,9,10,10,10:32
1,2,3,4,7,8,9,9,9,10:31
1,2,3,3,3,4,4,7,8,9:22
1,3,4,4,4,6,7,7,7,7:25
1,1,1,1,2,2,3,3,10,10:17
1,2,3,3,3,6,6,6,8,8:23
2,2,4,5,6,7,7,7,8,10:29
2,3,3,4,5,6,7,7,9,10:28
2,2,3,4,7,9,9,9,9,10:32
3,3,4,5,5,6,6,9,9,10:30
2,3,4,4,6,6,7,8,10,10:30
1,1,2,2,3,4,8,8,8,9:23
4,5,5,5,6,6,7,8,8,10:32
1,2,4,5,5,6,6,6,9,10:27
4,4,5,6,7,8,8,8,9,9:34
1,2,4,4,4,5,5,6,6,9:23
1,2,3,5,5,6,8,8,10,10:29
2,3,3,3,4,4,5,6,6,8:22
1,1,1,2,3,4,5,8,9,10:22
2,2,3,3,5,5,5,7,8,8:24
1,2,2,3,3,5,5,6,6,9:21
1,4,6,6,6,7,7,7,8,10:31
1,3,3,4,5,5,5,9,9,10:27
2,2,3,3,4,5,5,6,8,10:24
2,2,4,4,5,5,5,7,9,9:26
3,4,6,7,8,8,8,9,9,10:36
2,4,5,6,9,10,10,10,10,10:38
1,1,2,4,5,5,5,6,7,10:23
1,3,5,5,6,7,7,8,9,9:30
1,1,2,4,6,7,7,8,8,10:27
3,4,4,4,5,6,8,10,10,10:32
4,4,4,5,5,6,6,7,8,9:29
1,3,3,3,3,4,9,10,10,10:28
1,3,3,3,4,4,6,9,9,10:26
3,3,3,3,6,7,7,8,8,10:29
3,3,4,4,4,6,8,9,9,10:30
1,1,2,3,4,5,6,8,8,10:24
2,3,5,6,6,7,8,9,10,10:33
1,1,2,5,5,5,6,6,7,8:23
1,3,3,4,4,5,7,7,10,10:27
1,3,3,5,9,9,9,9,10,10:34
2,5,6,7,7,8,9,10,10,10:37
2,2,2,3,4,4,5,8,8,10:24
1,3,3,6,7,8,8,9,9,10:32
1,1,3,4,6,6,9,9,9,10:29
2,3,4,5,7,7,8,10,10,10:33
1,1,2,2,5,6,9,9,9,10:27
1,3,3,3,4,6,7,8,8,9:26
3,3,4,5,6,8,8,9,10,10:33
1,4,5,5,6,6,7,7,9,10:30
3,3,3,4,5,5,6,7,8,8:26
1,2,3,4,4,4,9,9,10,10:28
1,2,2,2,5,8,8,8,8,10:27
3,5,6,7,7,7,8,8,9,10:35
1,3,4,4,6,6,7,8,9,10:29
2,2,2,2,4,4,6,6,7,7:21
1,1,1,1,2,4,7,9,9,9:22
2,2,5,5,6,6,7,7,8,8:28
2,2,3,3,5,5,5,6,9,10:25
1,2,3,3,4,4,6,7,8,8:23
2,3,3,4,4,5,9,10,10,10:30
3,4,4,5,5,5,9,9,10,10:32
2,4,6,6,7,8,8,8,9,10:34
1,2,2,3,4,4,4,8,10,10:24
1,1,3,3,4,5,6,7,7,7:22
1,1,1,2,2,4,5,6,7,9:19
1,1,3,4,4,8,8,9,9,9:28
2,3,4,5,5,6,6,7,8,10:28
2,2,3,5,5,6,6,7,7,9:26
1,1,3,4,4,5,5,6,7,8:22
3,4,5,5,6,6,6,7,8,8:29
1,2,3,5,5,5,5,6,9,9:25
2,4,5,6,7,7,8,9,10,10:34
3,5,6,6,7,8,9,9,9,10:36
3,4,5,6,7,8,8,9,10,10:35
1,2,3,4,4,5,6,6,8,9:24
1,2,3,3,4,5,7,8,8,9:25
1,2,5,5,6,7,7,8,8,9:29
1,1,2,3,3,5,5,6,6,8:20
1,1,2,2,3,3,4,5,8,9:19
1,1,4,5,7,8,8,9,9,10:31
1,1,3,4,6,7,8,9,9,10:29
2,3,4,5,5,7,7,7,8,8:28
1,1,1,2,3,6,7,7,8,10:23
1,1,1,2,5,6,6,7,8,9:23
2,2,3,4,4,5,5,8,9,10:26
3,4,4,6,7,9,9,10,10,10:36
1,1,2,3,4,4,9,9,9,10:26
2,4,4,6,7,8,8,8,9,10:33
1,1,1,3,3,3,3,5,9,9:19
1,3,3,3,3,4,6,8,8,9:24
2,2,3,5,6,6,7,9,10,10:30
1,2,3,4,5,5,6,6,6,10:24
1,1,2,3,4,4,8,8,9,10:25
1,2,2,4,4,5,6,7,8,9:24
2,3,3,4,5,6,7,9,9,10:29
4,4,5,6,7,7,7,9,9,10:34
1,1,3,3,5,5,5,7,8,10:24
2,4,6,6,7,7,7,8,8,9:32
1,1,3,3,3,4,6,7,8,10:23
2,4,5,6,6,6,9,9,9,10:33
1,1,3,4,4,5,7,7,8,8:24
3,4,4,4,6,6,8,8,9,10:31
1,1,4,5,6,7,7,7,8,8:27
6,6,7,7,8,8,8,8,8,10:38
2,5,6,6,6,9,9,9,10,10:36
1,2,3,3,5,5,6,7,10,10:26
1,3,3,5,5,7,9,9,10,10:31
3,3,4,5,5,5,6,7,8,8:27
2,3,3,4,6,7,8,9,10,10:31
1,2,2,4,5,7,8,8,8,9:27
2,3,4,4,5,6,6,7,9,10:28
1,2,2,5,5,8,8,8,9,10:29
1,2,3,6,7,7,8,8,8,10:30
1,2,4,5,5,5,6,7,8,9:26
1,2,2,6,7,8,9,9,10,10:32
1,2,2,2,2,3,3,5,7,7:17
1,2,3,3,3,6,7,9,10,10:27
1,1,4,5,5,6,6,7,8,9:26
1,3,3,5,5,7,8,8,8,8:28
1,3,4,5,6,6,7,9,9,10:30
1,1,4,5,5,6,9,9,10,10:30
2,2,2,2,5,5,5,6,8,9:23
2,2,5,5,6,6,6,7,9,10:29
1,2,2,3,4,6,6,6,10,10:25
2,4,4,5,5,6,7,8,9,10:30
2,2,3,5,5,7,8,10,10,10:31
3,3,4,6,8,8,8,9,9,10:34
4,6,6,6,7,7,7,9,10,10:36
3,4,4,4,5,6,8,9,9,10:31
1,2,2,3,3,4,4,7,8,10:22
1,6,6,7,7,7,9,9,10,10:36
1,2,3,5,8,8,9,10,10,10:33
3,4,4,5,6,6,7,7,8,8:29
1,2,4,4,5,7,7,8,8,10:28
3,3,3,3,3,4,4,5,6,10:22
2,2,2,3,5,5,7,7,8,9:25
1,2,2,4,4,6,6,6,6,9:23
1,1,2,2,3,5,5,6,7,10:21
1,1,4,5,6,7,7,8,9,10:29
2,3,4,5,5,5,5,6,6,9:25
1,2,3,6,6,7,7,7,7,8:27
1,1,3,3,4,5,5,6,8,8:22
2,5,5,5,6,8,8,9,10,10:34